    348     373       0       0       0       0       0       0
      0       0       0       0       0       0       0       0
      0       0       0       0       0       0       0       0
      0       0       0       0       0       0       0       0
      0       0       0       0       0       0       0       0
      0       0       0       0       0       0       0       0
      0       0       0       0       0       0       0       0
      0       0       0       0       0       0       0       0
      0       0       0       0       0       0       0       0
      0       0       0       0       0       0       0       0
      0       0       0       7      14      39    1559    2296
   2324    2397    2223    2375    2273    2350    2380    2283
   2244    2294    2339    2302    2267    2284    2294    2311
   2353    2233    2353    2424    2353    2389    2398    2303
   2402    2391    2343    2415    2422    2349    2396    2405
   2320    2477    2423    2411    2355    2478    2384    2338
   2406    2350    2471    2349    2444    2417    2337    2392
   2378    2458    2448    2410    2488    2437    2396    2441
   2381    2319    2483    2404    2458    2465    2439    2476
   2460    2445    2440    2509    2375    2480    2464    2573
   2488    2501    2441    2442    2467    2393    2526    2459
   2362    2479    2438    2472    2384    2487    2436    2417
   2461    2475    2410    2549    2427    2429    2438    2434
   2476    2424    2439    2405    2418    2496    2426    2549
   2383    2490    2525    2454    2379    2452    2534    2469
   2431    2523    2484    2462    2425    2487    2436    2434
   2413    2384    2443    2411    2420    2442    2457    2404
   2355    2405    2414    2340    2343    2445    2343    2393
   2418    2354    2431    2428    2417    2452    2330    2375
   2361    2440    2416    2351    2410    2319    2331    2382
   2221    2334    2362    2261    2408    2332    2355    2324
   2306    2303    2245    2243    2275    2337    2227    2274
   2210    2368    2272    2191    2296    2210    2216    2222
   2255    2244    2201    2325    2169    2129    2162    2143
   2098    2108    2172    2179    2096    2109    2157    2058
   2130    2127    2122    2049    2161    2087    2086    2066
   2018    2074    2055    1967    1974    1938    2017    1967
   1985    1913    1986    1982    1909    1893    1888    1858
   1943    1872    1880    1826    1876    1834    1848    1801
   1776    1822    1870    1832    1822    1848    1817    1824
   1802    1792    1786    1809    1823    1838    1920    1863
   1846    1778    1802    1848    1894    1915    1997    1874
   1959    1961    2028    2076    2106    2063    2147    2192
   2227    2245    2311    2417    2415    2467    2613    2680
   2679    2770    2815    2894    3027    3026    3139    3243
   3432    3517    3513    3601    3744    3725    4037    3997
   4044    4292    4279    4515    4613    4614    4766    4910
   4917    5164    5220    5276    5352    5320    5542    5660
   5675    5694    5927    6002    5983    6167    6208    6119
   6109    6411    6239    6347    6380    6469    6418    6419
   6453    6561    6323    6479    6399    6583    6630    6460
   6434    6327    6457    6360    6451    6315    6355    6232
   6240    6277    6395    6284    6275    6249    6169    6253
   6176    6105    6007    6037    5963    5877    6005    5965
   5831    5922    5925    5822    5769    5853    5799    5708
   5710    5655    5668    5766    5552    5475    5548    5425
   5521    5511    5358    5457    5438    5336    5411    5367
   5272    5411    5397    5275    5275    5194    5167    5267
   5140    5186    5154    5166    5038    5006    5006    5071
   5032    4893    4958    5144    4860    4929    5028    4963
   4915    4917    4937    4863    4942    4883    4815    4760
   4911    4748    4743    4743    4723    4902    4755    4802
   4789    4731    4720    4577    4641    4787    4727    4574
   4704    4714    4506    4574    4623    4479    4653    4527
   4493    4547    4533    4564    4464    4499    4472    4520
   4554    4502    4502    4381    4567    4431    4469    4470
   4511    4457    4435    4324    4368    4499    4223    4577
   4399    4395    4353    4430    4406    4328    4449    4456
   4487    4344    4364    4609    4441    4376    4457    4542
   4413    4364    4469    4389    4528    4401    4354    4478
   4410    4310    4358    4285    4266    4349    4385    4260
   4290    4305    4262    4240    4479    4223    4135    4233
   4301    4267    4203    4242    4244    4260    4185    4238
   4245    4208    4248    4127    4158    4178    4328    4173
   4261    4038    4167    4055    4066    4018    3938    4119
   4049    4125    3973    3970    4059    4068    4035    4036
   4013    3983    3946    3999    3994    4000    3921    3986
   4037    3964    3812    3986    3919    3834    3897    4084
   3867    3856    3895    3941    3897    3890    4011    4079
   4097    4341    4602    4704    4844    5101    5058    5006
   4832    4484    4265    4136    3840    3833    3844    3623
   3788    3670    3620    3587    3733    3729    3675    3609
   3664    3675    3661    3664    3639    3533    3586    3580
   3629    3576    3531    3670    3508    3582    3450    3562
   3469    3478    3498    3430    3489    3516    3501    3491
   3435    3430    3346    3493    3486    3561    3237    3459
   3341    3381    3366    3416    3344    3456    3486    3360
   3461    3551    3405    3289    3381    3405    3183    3186
   3057    3109    2959    2737    2469    2126    1801    1476
   1257     844     676     423     321     232     194     146
    125     119     113      93      94      92      93      92
    103      74      71      80      73      83      80      92
     93      85      77      83      72      72      78      78
     77      95      92      87     102      76      83      69
     68      85      92      78      79      93     117     117
     99      95     106      84      79      86      93      90
     91      67      64      85      72      64      84      87
     90      69      68      79      91      67      89      98
    121     127     138     163     155     129     133     114
     94      96      79      91      90      72     124     141
    196     264     321     351     311     295     260     186
    153      96      92      84      66      77      65      65
     73      65      64      60      55      64      76      72
     77      66      64      53      58      65      62      59
     55      65      72      50      58      65      63      62
     65      61      50      68      52      69      45      65
     60      60      48      58      55      60      64      42
     61      50      67      59      68      65      53      71
     62      57      60      41      49      71      57      59
     62      59      42      51      63      50      71      67
     71      49      46      72      46      58      61      62
     57      55      53      54      58      60      53      53
     63      58      47      48      59      54      51      48
     53      39      45      54      56      49      64      56
     49      53      37      45      54      36      38      55
     51      52      47      55      53      41      43      41
     47      54      58      50      36      56      48      52
     47      50      43      54      42      45      47      48
     48      51      36      50      42      51      54      43
     46      53      41      50      40      52      48      38
     43      46      42      53      48      40      44      46
     38      34      46      55      42      46      52      37
     38      36      49      40      38      31      30      32
     46      49      36      46      40      39      46      36
     38      44      32      35      40      40      30      44
     35      28      30      37      43      43      42      32
     33      45      38      28      33      43      39      48
     41      31      40      31      33      47      35      24
$Angles (tilt,azimute): 0 0
$Date & Time          :21-01-2023         16:39:49
$RBS1run02.dat
$B(16:33:33) = 2.436770 kG
$B(16:33:32) = 2.436770 kG
