    407     443       0       0       0       0       0       0
      0       0       0       0       0       0       0       0
      0       0       0       0       0       0       0       0
      0       0       0       0       0       0       0       0
      0       0       0       0       0       0       0       0
      0       0       0       0       0       0       0       0
      0       0       0       0       0       0       0       0
      0       0       0       0       0       0       0       0
      0       0       1       0       0       0       0       0
      0       0       0       0       0       0       0       0
      0       0       0       6       9      21    1337    2031
   1988    2051    1964    1996    1900    1940    1904    1938
   1840    1886    1912    1756    1815    1868    1799    1803
   1791    1792    1786    1752    1814    1789    1763    1722
   1698    1653    1735    1680    1666    1722    1647    1681
   1711    1631    1685    1651    1611    1630    1649    1562
   1605    1696    1502    1564    1561    1549    1550    1554
   1587    1647    1513    1487    1580    1574    1540    1535
   1582    1513    1547    1547    1512    1572    1601    1437
   1476    1477    1482    1403    1447    1381    1386    1460
   1425    1431    1400    1471    1478    1444    1477    1464
   1436    1389    1448    1394    1358    1379    1427    1360
   1397    1329    1394    1352    1348    1309    1385    1342
   1380    1375    1313    1283    1309    1322    1283    1315
   1271    1289    1308    1283    1266    1288    1225    1264
   1195    1185    1233    1199    1263    1263    1173    1212
   1211    1235    1175    1238    1195    1231    1144    1192
   1199    1182    1277    1200    1186    1208    1180    1229
   1123    1160    1186    1112    1168    1184    1146    1221
   1133    1210    1156    1143    1172    1101    1233    1169
   1129    1149    1127    1191    1108    1174    1214    1128
   1146    1216    1173    1105    1162    1135    1135    1109
   1145    1136    1160    1099    1099    1174    1107    1104
   1080    1058    1137    1096    1097    1133    1114    1110
   1052    1119    1080    1100    1085    1088    1073    1059
    994    1084    1064    1140    1100    1066    1149    1083
   1117    1143    1049    1073    1136    1083    1037    1139
   1039    1064    1096    1087    1138     999    1101    1089
   1010    1119    1046    1090    1122    1066    1070    1024
   1083    1042    1062    1050    1043    1107    1032    1051
   1035    1012    1036    1081     993    1031    1022    1039
   1061     995     997    1031    1014    1048    1040    1071
   1054    1064     992    1021     987    1026     979    1059
   1012    1009    1066     982     978    1052    1040     978
   1050    1020     975    1033     999    1017    1008    1021
   1004    1074    1083     976    1091    1010    1064    1017
    976    1083    1003     993     974    1003     957     966
   1033    1023    1041    1016    1008    1030     995     979
   1030    1022    1011     988    1057    1006    1014     966
   1043    1007     952    1011     961    1038     970    1012
   1005     966    1019     959     965     988     960     954
    980    1056    1010    1022     982    1024     991     968
   1008     965     950     998     957     981     985     987
    953     972     954     982    1048     954     959    1024
    991     865     922     871    1020     946     997     980
    977     935     990     948    1021     993    1033    1032
    951     990    1022     968     962    1009     998     964
    981     970     935    1033    1030     977     949     959
    988     994    1028     978    1029     947     977     961
    990    1022    1023     978     954     915     972     937
    970     980     947     933     933    1003     978    1006
    967     991     950     907     983     959     959     964
    959    1039     964     947    1055     963     987    1026
   1008     962    1007     992    1000     996    1015     979
    976     996    1017    1013     992     960     981     972
    940     996     981    1043    1006    1023    1004    1002
   1030     976    1028     993    1017    1016     993    1006
   1050     966     994    1069    1032     960    1008    1002
   1077    1017    1010     995    1049    1057    1019    1012
    971    1078    1042    1067    1006    1076    1032    1058
   1049    1137    1116    1080    1062    1070    1069    1091
   1101    1047    1077    1014    1043    1128    1054    1031
   1094    1099    1077    1060    1032    1090    1098    1147
   1138    1048    1089    1061    1078    1113    1055    1169
   1154    1108    1076    1069    1050    1140    1068    1192
   1117    1124    1180    1122    1128    1109    1128    1160
   1185    1189    1190    1171    1249    1215    1243    1239
   1177    1272    1347    1276    1358    1403    1397    1367
   1337    1426    1453    1504    1456    1505    1520    1460
   1568    1513    1605    1661    1626    1622    1650    1547
   1574    1494    1478    1363    1465    1336    1337    1419
   1403    1462    1429    1460    1550    1552    1577    1609
   1600    1684    1639    1777    1795    1751    1769    1989
   1923    1991    2070    2125    2174    2212    2292    2383
   2466    2525    2561    2635    2749    2782    2863    2946
   3059    3154    3175    3422    3477    3683    3547    3841
   3886    3963    4222    4396    4472    4571    4745    4811
   4941    5201    5242    5309    5594    5861    5955    6079
   6359    6475    6740    6722    7244    7122    7419    7622
   7815    8312    8559    8457    8812    9241    9469    9757
  10068   10267   10677   10931   11561   11767   12038   12689
  12938   13450   13733   14050   14661   14928   15320   15794
  16047   16464   16909   17186   17449   17789   17837   18568
  18833   18939   19176   19665   19544   20198   20182   20653
  20719   21126   21581   21651   21681   21957   22162   22367
  22771   22744   22774   22878   23013   22785   23204   22966
  22924   22791   22901   22991   22813   22736   22790   22644
  22752   22529   22561   22621   22402   22062   21927   22182
  22160   21704   21795   21687   21355   21381   21644   21114
  20945   20922   20777   20717   20536   20354   20098   20097
  19671   19333   18966   18257   17026   15054   12367    9960
   7231    4948    3400    2290    1528     993     689     541
    409     357     289     238     223     199     182     156
    160     118     143     113     124     106     106      97
    102     104      98      75      91      89      86      78
     82      67      97      82      70      76      63      62
     81      65      68      55      77      58      69      60
     58      57      67      65      55      55      55      51
     62      54      50      68      73      46      51      54
     59      70      50      45      41      50      55      52
     53      49      51      58      52      55      55      55
     49      41      61      44      43      60      54      57
     42      52      53      56      54      52      54      53
     55      42      49      43      48      47      34      38
     35      52      48      42      42      45      53      63
     58      56      51      39      65      43      33      49
     44      46      46      36      60      60      43      46
     40      51      52      61      56      51      42      59
     49      48      50      58      52      52      51      63
     56      56      42      58      57      51      55      52
     47      56      59      67      46      43      60      52
     59      66      64      49      77      54      58      54
     55      56      64      52      60      55      61      56
     56      56      72      66      66      61      56      59
     56      68      64      64      58      62      66      68
     70      60      63      88      66      54      64      53
     66      72      59      63      73      68      55      73
     55      81      61      76      57      70      60      71
$Angles (tilt,azimute): 0 0
$Date & Time          :21-01-2023         18:37:30
$RBS1run15.dat
$B(18:30:03) = 2.438480 NITS?
kG
kG

$B(18:30:04) = 2.438440 
