    338     377       0       0       0       0       0       0
      0       0       0       0       0       0       0       0
      0       0       0       0       0       0       0       0
      0       0       0       0       0       0       0       0
      0       0       0       0       0       0       0       0
      0       0       0       0       0       0       0       0
      0       0       0       0       0       0       0       0
      0       0       0       0       0       0       0       0
      0       0       0       0       0       0       0       0
      0       0       0       0       0       0       0       0
      0       0       0      11       9      39    1576    2129
   2192    2252    2125    2218    2101    2114    2057    2083
   2032    2004    2082    2011    2068    1989    2024    2013
   1884    1958    1897    2014    1896    1775    1877    2040
   1879    1797    1843    1931    1886    1813    1833    1908
   1748    1743    1791    1690    1810    1786    1853    1745
   1781    1727    1744    1688    1813    1732    1726    1669
   1689    1704    1683    1654    1698    1619    1653    1617
   1632    1586    1610    1673    1627    1526    1641    1553
   1670    1615    1636    1600    1669    1554    1640    1587
   1506    1608    1497    1513    1519    1543    1525    1522
   1532    1568    1490    1516    1514    1523    1542    1459
   1507    1485    1494    1513    1447    1472    1445    1458
   1462    1403    1442    1413    1442    1315    1339    1371
   1405    1367    1291    1270    1310    1364    1303    1386
   1292    1347    1358    1301    1330    1288    1319    1372
   1325    1325    1262    1363    1278    1319    1308    1297
   1344    1263    1248    1309    1332    1271    1261    1276
   1260    1312    1208    1263    1311    1238    1331    1275
   1218    1269    1315    1209    1227    1276    1240    1271
   1214    1239    1193    1219    1285    1237    1278    1228
   1213    1212    1180    1190    1148    1173    1171    1180
   1180    1209    1098    1165    1221    1150    1176    1227
   1193    1189    1194    1184    1131    1198    1208    1267
   1171    1199    1178    1187    1240    1134    1188    1153
   1132    1141    1155    1136    1162    1203    1149    1179
   1187    1104    1189    1190    1143    1127    1132    1147
   1180    1125    1108    1102    1131    1103    1137    1204
   1045    1137    1081    1068    1071    1135    1137    1121
   1119     985    1054    1163    1037    1061    1048    1138
   1066    1090    1065    1046    1099    1057    1068    1144
   1107    1052    1129    1078    1133    1036    1100    1070
   1094    1071    1033    1081    1103    1067    1096    1115
   1083    1093    1100    1060    1044    1149    1111    1170
   1081    1061    1092    1051    1080    1076    1044     989
   1070    1089    1085    1072    1008    1070    1055    1037
   1035    1008    1065    1043    1053    1101    1019    1010
   1025    1037    1072    1036    1099    1073     995    1107
   1074    1049    1035    1080    1043    1014    1047    1023
   1057    1005     978    1025    1003    1041     985    1040
   1058    1013    1032     999    1056    1083    1043    1053
   1089    1032    1032    1057    1045    1059    1039    1001
   1014    1073    1065    1057    1013    1039    1059    1027
   1031     979    1026    1044    1029    1022    1034    1005
   1105    1024    1027     989    1055    1026    1002    1054
   1025    1053     998     973    1025    1072    1078     996
    972    1056     991     970    1041     994    1072    1016
   1033    1000     972    1007     942     948    1013     974
   1025     995    1073    1013    1010     999    1009     989
    979     996     983     976    1006     985    1032    1011
   1006    1034    1050    1018     997     994     988     976
   1004    1008     966    1011     995    1043    1000     971
    953     946    1002     988     975     978    1038     993
    949     988     954     965     983     987     974    1012
    941     985     990     960    1003     952     921     987
    985     956    1026    1009    1009     982    1007    1032
    975    1051     999     958    1011    1004    1053    1010
   1035    1023     996     992    1021    1024    1057    1054
    998     994    1011    1052     991    1037     963     928
    983     971     977     961    1012     986     933     969
    941     889     927     914     962     912     974     933
    950     960    1022     936     952     919     984     974
    949     985     928     977    1006     966     903     918
    973     991     933     922     934     951     939     961
   1000     898     952     948     926     948     934     940
    904    1007     981     970     931     945     908     908
    910    1017     966     974     984     988     915     921
    932     952     920     922     933     906     954     980
    950     951     890     976     926     976     931     933
    886     965     925     967     961     965     938     915
    891     945     963     927     941     987     959     934
    990     914     939     936    1016     985     997     958
    963     949     927     979     980     983    1011     971
    956    1022    1048    1040    1064    1067    1018    1080
   1115    1060    1206    1157    1095    1213    1215    1257
   1308    1452    1468    1625    1631    1743    1904    1969
   2220    2123    2553    2717    2901    3257    3522    3911
   4275    4714    5140    5819    6238    6923    7373    8168
   8737    9500   10069   11045   11724   12480   13321   13918
  14646   15345   15960   16683   17494   17813   18342   18894
  19032   19657   20084   20370   20161   20930   21061   21161
  20810   21249   21524   21435   21568   21540   21608   21619
  21552   21713   21507   21496   21512   21181   21516   21558
  21405   21312   21301   21514   21259   21639   21566   21592
  21271   21164   21201   21238   21251   21268   21262   21066
  21130   21401   21060   21401   20943   21447   21238   21048
  21033   20909   21046   20800   20922   20873   20714   20853
  20836   20851   20912   20642   20669   20620   20777   20784
  20730   20608   20764   20808   20454   20619   20505   20422
  20309   20546   20290   20413   20394   19981   20104   20068
  19940   19709   19555   18639   17698   15850   13515   10975
   8342    6237    4547    3177    2159    1642    1244     870
    665     527     460     387     329     281     239     231
    216     198     197     155     165     160     118     132
    122     120     119     140     111     122     123     124
    114     118     113     111     111     126      94      98
     96      96      84      93      93      94      93      94
     86      90      94      83      79      79      90     102
     83      88      90      72      85      74      86      87
     86      73      73      81      80      81      77      76
     79      84      71      74      76      68      68      71
     83      75      71      67      62      83      75      69
     66      70      55      51      55      76      72      70
     81      76      53      66      82      64      71      74
     72      93      57      69      71      70      68      69
     73      67      64      65      74      63      63      68
     65      82      74      74      69      71      61      69
     64      80      77      62      75      69      89      65
     76      77      77      71      67      69      81      85
     77      89      76      77      72      74      91      83
     73      82      75      83      77      86      76      65
     80      86      77      82      82      90      79      91
     87      99      83      69      94      85      85      92
     99      85      69      74      75      97     102      72
    101     100      89      95      90      80      76      86
     84      91      77      95      84      80      92      91
    104      84     103      73      91      83      97      92
     95      84      85      87     101      95      92      94
$Angles (tilt,azimute): 0 0
$Date & Time          :21-01-2023         18:21:21
$RBS1run13.dat
$B(18:15:00) = 2.438840 kG
$B(18:14:59) = 2.438850 kG
