    259     289       0       0       0       0       0       0
      0       0       0       0       0       0       0       0
      0       0       0       0       0       0       0       0
      0       0       0       0       0       0       0       0
      0       0       0       0       0       0       0       0
      0       0       0       0       0       0       0       0
      0       0       0       0       0       0       0       0
      0       0       0       0       0       0       0       0
      0       0       0       0       0       0       0       0
      0       0       0       0       0       0       0       0
      0       0       0       8      20      51    1752    2604
   2591    2606    2591    2642    2665    2619    2598    2557
   2640    2690    2672    2606    2682    2694    2728    2695
   2728    2630    2602    2588    2647    2743    2715    2660
   2714    2725    2643    2724    2750    2788    2823    2787
   2764    2781    2684    2738    2861    2856    2804    2795
   2877    2848    2846    2760    2872    2812    2796    2911
   2898    2845    2850    2888    2875    2884    2847    2870
   2919    3083    2878    2909    2889    2885    3005    3055
   2961    3043    2974    2999    3062    3006    3017    3082
   3103    2965    3135    3065    3096    3124    3102    3078
   3108    3046    3056    3073    3183    3132    3198    3217
   3151    3134    3109    3254    3127    3170    3249    3240
   3338    3119    3371    3297    3212    3297    3156    3261
   3316    3289    3158    3277    3183    3292    3240    3302
   3314    3304    3275    3252    3409    3410    3334    3277
   3378    3380    3399    3394    3434    3475    3446    3488
   3427    3441    3512    3490    3461    3470    3420    3524
   3632    3511    3508    3504    3541    3475    3536    3524
   3593    3657    3633    3463    3661    3696    3851    3658
   3627    3630    3639    3779    3721    3691    3756    3801
   3713    3771    3765    3708    3820    3812    3828    3849
   3880    3851    3810    3992    3902    3799    3994    3877
   3833    3878    3981    3940    4108    4020    4025    4043
   4164    4084    4058    4300    4154    4229    4243    4318
   4277    4228    4136    4183    4307    4206    4426    4348
   4364    4386    4403    4529    4462    4520    4561    4583
   4533    4756    4612    4704    4727    4691    4746    4690
   4761    4821    4857    4742    4879    4885    4988    4942
   4854    5040    5089    5074    5082    5156    5157    5195
   5098    5225    5208    5192    5239    5333    5130    5278
   5296    5365    5230    5538    5431    5379    5407    5341
   5315    5390    5281    5370    5484    5433    5350    5455
   5408    5546    5536    5546    5487    5529    5486    5481
   5560    5488    5602    5275    5401    5392    5366    5460
   5402    5429    5323    5376    5335    5366    5352    5299
   5277    5286    5270    5273    5185    5126    5157    5124
   5181    5206    5194    5148    5194    5146    5140    5045
   4878    4995    4998    4872    4782    4916    4912    4843
   4770    4860    4804    4710    4635    4704    4628    4545
   4698    4590    4557    4450    4505    4434    4513    4382
   4460    4421    4366    4182    4363    4232    4356    4188
   4184    4104    4142    4048    4066    3988    3901    3925
   3998    3881    3930    3866    3756    3769    3744    3653
   3630    3619    3634    3524    3635    3436    3543    3525
   3414    3476    3527    3403    3309    3253    3292    3239
   3289    3262    3264    3224    3091    3094    3024    3175
   3097    3053    3037    2979    2951    2899    2993    2858
   2826    2877    2734    2810    2924    2770    2764    2772
   2824    2713    2844    2717    2718    2698    2744    2695
   2724    2677    2763    2584    2697    2654    2585    2640
   2642    2599    2659    2476    2562    2555    2519    2525
   2510    2566    2671    2452    2498    2647    2510    2476
   2504    2502    2528    2565    2531    2533    2508    2554
   2436    2586    2496    2522    2497    2633    2499    2569
   2512    2503    2496    2579    2540    2621    2503    2631
   2570    2509    2509    2592    2522    2542    2533    2580
   2641    2539    2637    2587    2530    2627    2613    2624
   2595    2558    2511    2542    2484    2516    2430    2347
   2334    2255    2204    2309    2084    2012    2003    1953
   1840    1718    1601    1605    1587    1467    1444    1344
   1372    1397    1266    1321    1360    1305    1326    1239
   1296    1339    1311    1307    1283    1265    1256    1306
   1255    1344    1239    1288    1273    1259    1238    1271
   1155    1167    1146    1143    1199    1118    1138    1171
   1103    1179    1085    1050    1084    1008    1061     965
    943     859     878     835     752     750     757     695
    698     644     643     606     553     598     622     589
    538     594     571     579     580     557     623     587
    567     594     550     599     555     545     592     575
    592     534     573     563     528     518     524     496
    529     517     513     548     462     478     492     502
    467     512     454     511     508     493     446     516
    503     493     499     475     462     466     489     452
    449     479     424     490     453     473     441     425
    466     460     410     463     441     483     475     472
    462     475     433     405     419     430     463     442
    438     433     395     462     454     408     398     387
    407     401     407     416     406     406     387     371
    386     379     390     370     380     415     400     413
    421     392     402     398     364     409     420     424
    397     438     465     431     460     455     492     457
    514     538     475     544     537     564     565     607
    595     627     599     712     703     729     772     832
    851     968     994    1086    1207    1307    1424    1535
   1642    1877    2042    2380    2574    2842    3312    3756
   4303    4875    5667    6450    7264    8337    9335   10294
  11772   12892   13962   15097   15720   17050   17546   18437
  18594   18772   19079   19552   19589   19616   19550   19660
  19663   19851   19652   19516   19520   19577   19313   18981
  19246   18682   18501   17947   16888   15084   12872   10141
   7687    5364    3677    2515    1683    1172     831     586
    449     383     327     269     247     243     175     193
    194     187     146     164     140     140     153     138
    120     161     133     133     136     117     136     123
    121     136     128     120     138     140      89     135
    107     109     125     111     103     111     124      91
    133     102      95     100      86     115     127     108
    117     100      93     100     117     105     107     105
    104      97      86      98     102     106      96     107
     95     133     118     102      98     105      85      98
    102     116     121     100      90     103     120     100
    110      97      75      92      87      92     110      97
     84     103      81      83     102     104      84     112
     91      99      99      93     106     103      78      91
     79      85      95     101      91     108      87      94
     80      95      85      92      98      74      83      84
     84      73      94      72      70      90      83      76
     94      88      99     106      80      90      75      78
     88      60      87      70      87      80      66      87
     80      87      78      93      73      92      85      69
     90      84      75      85      74      60      84     100
     64      69      79      86      63      64      70      64
     55      89      79      67      79      63      69      80
     77      88      69      55      71      76      68      84
     69      58      84      62      83      80      73      79
     81      82      82      77      66      71      63      67
     72      79      71      68      80      79      63      56
$Angles (tilt,azimute): 0 0
$Date & Time          :21-01-2023         16:51:30
$RBS1run04.dat
$B(16:46:38) = 2.437970 kG
$B(16:46:07) = 2.438040 kG
