    261     277       0       0       0       0       0       0
      0       0       0       0       0       0       0       0
      0       0       0       0       0       0       0       0
      0       0       0       0       0       0       0       0
      0       0       0       0       1      19      66     613
   4106    5339    5244    5060    5112    4886    4659    4358
   4105    3980    3802    3609    3381    3187    3071    3049
   2739    2773    2610    2555    2473    2394    2257    2166
   2190    2073    2180    1977    2024    1884    1859    1804
   1822    1727    1799    1728    1646    1661    1656    1688
   1651    1575    1548    1493    1530    1427    1487    1427
   1357    1300    1260    1299    1274    1260    1210    1181
   1155    1119    1210    1125    1144    1207    1126    1170
   1164    1104    1169    1176    1200    1111    1141    1170
   1212    1213    1155    1211    1193    1143    1110    1064
   1058    1054     988     971     872     942     888     901
    923     864     814     903     867     903     913     876
    854     847     830     787     881     801     838     813
    837     855     812     862     823     842     864     794
    783     871     812     782     816     794     845     789
    805     843     833     800     824     812     769     773
    827     776     802     780     733     799     834     807
    806     772     768     765     817     739     787     729
    770     781     752     777     764     742     805     736
    751     777     737     745     766     721     750     717
    754     721     704     718     694     740     735     679
    694     714     663     740     712     713     707     715
    725     746     689     761     728     715     663     692
    728     758     678     674     680     689     748     694
    632     685     712     692     695     759     677     690
    665     711     701     698     716     722     679     698
    736     749     719     730     712     729     695     684
    701     650     743     694     695     714     694     667
    677     693     690     688     639     640     731     687
    659     686     687     681     689     664     695     690
    686     652     665     722     708     686     665     676
    683     712     688     675     691     756     654     693
    701     697     676     705     670     645     680     652
    676     635     614     661     676     678     662     656
    642     657     624     665     685     684     675     667
    644     673     652     722     707     681     667     650
    669     665     657     678     639     653     676     633
    668     629     634     665     663     658     644     651
    651     642     650     663     669     614     643     630
    658     679     683     670     643     647     661     666
    662     639     641     624     667     628     637     647
    640     658     680     642     649     667     650     654
    688     688     699     701     726     641     631     650
    656     700     607     636     662     681     635     654
    620     647     683     569     646     646     662     630
    645     645     638     618     622     605     650     633
    629     625     575     682     614     636     656     617
    610     658     561     666     616     621     680     630
    593     619     627     585     614     663     639     601
    617     582     623     589     630     648     562     611
    633     675     638     601     649     619     626     635
    613     604     635     604     599     612     631     567
    590     574     599     611     595     620     602     594
    553     605     601     585     601     537     599     556
    577     590     603     566     543     641     583     589
    604     609     596     629     606     560     613     596
    585     590     642     616     626     637     633     586
    584     571     644     635     631     578     629     614
    566     621     560     618     605     595     635     559
    598     645     572     645     607     575     614     623
    590     659     631     643     631     608     611     626
    584     587     617     558     618     606     674     605
    581     574     596     614     602     631     614     602
    607     601     609     638     594     687     621     669
    617     621     666     712     749     659     728     788
    843     840     824     915     861     828     874     818
    888     929     894     879     858     795     795     784
    757     785     714     682     708     649     673     578
    637     594     603     614     600     608     558     575
    556     601     580     571     547     537     565     590
    565     624     596     539     616     665     631     593
    604     650     638     607     694     728     645     641
    674     652     671     635     634     639     596     614
    592     591     588     627     570     558     574     532
    548     533     495     571     550     548     538     522
    506     523     534     514     503     506     482     497
    509     497     536     514     459     550     554     484
    521     546     535     541     535     525     467     468
    469     483     491     503     527     506     511     504
    491     511     486     467     492     473     485     472
    479     491     464     460     482     404     456     443
    416     408     407     379     367     335     357     368
    329     330     327     345     299     324     323     325
    304     308     317     299     305     315     274     318
    328     314     297     307     312     312     290     289
    280     320     287     285     268     291     290     292
    311     316     300     323     315     349     351     381
    371     403     368     446     473     485     479     531
    544     583     594     655     704     744     818     891
    949    1113    1264    1400    1557    1890    2313    2603
   3098    3581    4099    4760    5512    6401    7163    7845
   8692    9630   10300   11073   11715   12165   12769   13268
  13452   14109   14142   14444   14880   14642   14908   15074
  15016   15107   15221   15409   15207   15596   15299   15407
  15363   15323   15339   15268   15097   15018   14826   15120
  14944   14913   14636   14194   13934   13230   12739   11819
  10832    9556    8412    7264    6304    5669    4724    4143
   3445    3035    2477    2165    1742    1418    1129     913
    752     601     491     407     340     298     246     211
    173     157     120     137     115     117     103      95
     97      93      86      64      61      72      43      53
     49      44      48      42      37      46      48      44
     37      39      34      39      31      23      28      23
     36      24      28      38      25      30      28      26
     29      31      31      26      22      28      22      15
     27      24      20      19      31      33      25      30
     16      17      23      24      24      18      27      18
     22      24      28      19      25      20      18      17
     20      23      27      21      19      16      16      22
     15      17      14      21      15      21      13      17
     17      19      10      27      25      17      16      15
     23      26      21      15      22      10      18      17
     20      18      16      17      18      13      12      12
     16      14      22      16      15      21      10      17
     14      14      11      16      16      12      24       5
     15      23      16      17      14      14      12      13
     11      15      15      17      15      15      19      17
     15      17      21      17      15      12      19      10
     11      19      17       8      12      13      13      15
     19      14      15       9      20      17       7       8
     24      17      21      21      20      10      20      20
     19      19      20      19      16      18      20      14
     28      14      21      27      13      18      12      16
$Angles (tilt,azimute): 0 0
$Date & Time          :21-01-2023         17:12:40
$RBS2run08.dat
$B(17:08:00) = 2.438230 kG
$B(17:07:59) = 2.438210 kG
