656.3499632834566 0 1989.9470584904107 140
685.4377701741529 0 1997.276921364878 140
723.9274366107945 0 1937.3601034305425 140
660.4592274149417 1 1853.6916382528589 140
698.3495733044416 0 1955.056593208652 165
733.1652148727486 0 1822.6942343274184 165
689.2987320722488 0 1832.9556430986954 140
718.4469202884607 0 1838.8205310160267 165
686.923751369742 0 1910.6783509019886 140
670.8389165681596 1 1885.9102756360753 165
660.9582062518907 1 1896.3486462883202 140
746.1899558580811 1 1917.05317728799 140
747.4736052790774 1 1813.5942496569694 140
729.6915973716214 0 1848.7185897803215 165
685.0576120180706 0 1977.1870043869903 140
688.4122795909402 0 1880.7184136155006 140
683.393981875602 1 1908.5245204072744 140
664.8285010718383 1 1890.2122329294898 165
652.8781144644119 1 1949.7566502901477 165
695.197522892051 1 1852.701087820731 165
678.9725800397664 0 1991.520824457249 140
657.1809700370225 1 1827.5131816212804 165
662.2629237202099 0 1827.02964474794 165
722.543639190082 0 1993.6491624329335 140
659.0777341027066 1 1964.5654989791142 140
686.8207587970966 1 1819.3854231333808 140
675.9224269066177 1 1819.3870709349121 165
746.2397769684916 1 1931.0257346024719 165
696.4105387037621 1 1904.5197520911902 165
712.8935370827504 0 1887.5742555239965 165
712.7304754431815 1 1935.6096082904012 165
721.696800511887 0 1856.7699704363522 165
731.4993960059849 1 1889.6378792762562 165
707.2065415684045 0 1998.0127039909241 140
668.818906133543 0 1836.0624489228783 165
687.5143103553553 1 1850.2132999809767 140
728.135765381041 0 1913.7127391704698 140
663.8819867930124 1 1815.119819157897 140
713.9204100997082 1 1987.9824345767477 140
725.1773809939439 1 1907.195076065885 165
733.1558580247565 1 1884.9068857787468 140
684.4211053878987 0 1988.6931633425322 165
683.5379141862899 0 1918.2552733603181 165
735.2433921217015 1 1829.1154181795184 140
656.2983241024223 0 1975.9935269265345 165
715.5993184365004 0 1994.3431378491098 140
699.0290364441745 0 1841.5113508656466 165
690.8254673006351 1 1986.986833269443 140
733.6092913370446 1 1948.138790999416 165
694.556234329667 1 1966.4605806562377 140
716.0223463701939 0 1971.958712249894 140
666.7829197971676 0 1932.9990394356198 165
654.0253756717599 1 1866.4436487103994 165
659.7314876348066 1 1919.1273421139374 140
743.8135070981683 1 1816.1390868875403 165
687.4110269588369 0 1959.3063433242523 165
730.0194975624366 1 1997.2161815721443 165
662.1389511452686 0 1870.6097539844518 165
717.0010046928747 1 1966.8956812234596 165
698.5355315137725 0 1973.4346254846457 140
742.1267585999514 1 1907.53602379963 140
730.2896656632433 0 1938.1827687767966 140
660.0787322378723 1 1825.6248299617496 140
706.0925350433648 1 1808.6700436550645 165
679.3207889136617 1 1939.512857197895 165
659.2019228246836 1 1856.6569552245187 165
672.2577297426528 0 1862.7359897122105 165
670.8472597419465 0 1928.982798163753 140
707.7214668101931 0 1959.6013644382047 165
745.3037719355573 1 1914.4606438129117 140
672.0256348567887 0 1859.0487512003738 165
730.3965098202927 1 1966.5236912021296 140
749.0366950427064 0 1911.3366260735795 140
685.6532714416804 1 1949.27582366768 165
702.7651513768237 0 1802.1943070405132 140
667.148619714294 0 1936.618902259028 140
734.6257883897704 0 1932.9760554634267 140
656.8272031537796 0 1854.3446084219943 165
721.2798305930681 0 1827.8087002217485 140
717.5914208909002 1 1996.7599744104907 165
697.4840158679036 0 1984.8292238175204 140
715.082035410454 1 1961.469378139318 140
683.1065244794061 1 1896.251324208654 140
710.5919351272629 0 1925.1409046261656 165
712.4831480317877 1 1817.1199598136131 140
693.7824660713095 0 1995.24832215565 140
667.6077785971347 0 1982.9625676376804 165
710.8012836378145 0 1835.994430343289 140
667.5800202389187 1 1931.7538485947293 140
724.6985391103519 1 1861.4705422753875 140
656.6273889284138 1 1826.3942442385983 165
697.842493251492 0 1850.5804812161969 140
682.9999533727197 0 1858.016601327347 140
707.3369556809723 0 1895.4718849765577 165
693.3932355528368 1 1879.1508862993946 140
749.8195491987364 1 1922.465050935521 140
693.4879603496552 0 1893.6582882877856 165
742.6051180037892 1 1914.2955781312069 140
707.6763722945383 1 1821.6004283633106 140
733.9110628688841 0 1835.2888441750686 165
666.1285734628176 1 1823.7549444290544 140
651.4915609053206 1 1950.8358987422378 140
678.4519521049739 1 1958.7874799811061 165
713.7226587531239 1 1930.4216144334769 140
719.6363143246174 0 1878.5520649490372 140
693.5128994522494 0 1939.5424448690023 165
700.1149248608234 0 1986.6187157043423 140
746.8333277882414 0 1835.3015045787402 140
728.095528765803 0 1916.7103955474338 140
654.9270044554861 0 1900.6961209026285 140
677.9228746536133 1 1861.0388211993777 140
736.4967476483439 0 1985.3640022715633 165
665.1983464058627 1 1879.6426389350975 140
679.9797011931554 0 1899.0447219256703 165
682.5733589146306 0 1953.3608854780502 140
673.1992713016336 1 1947.2841479629997 165
660.9680658146199 1 1863.910034967298 140
710.2577150041745 1 1919.016048204584 140
685.1635692459039 1 1916.2987673605217 165
727.4720704056991 1 1925.9757107122775 140
653.821798535522 1 1965.9351260975245 165
714.807815976571 1 1864.6817223716412 140
736.2832689495112 1 1900.9136719869305 165
731.8092528938346 1 1838.1800607493758 140
714.9373660154306 0 1903.1037689100735 140
742.6200830053416 0 1822.9757988753597 165
675.9592737488347 1 1919.5481899569177 165
651.9354339421815 0 1956.4422333223647 140
699.6649252246247 0 1995.714306659319 140
683.6248073399352 1 1840.7566712327787 140
668.0383616896345 1 1934.0407670845373 165
732.0494156871998 1 1850.1385405420594 140
690.370276027178 1 1856.5404388657712 140
695.0458717346827 0 1976.8997580672633 165
683.7418542974608 0 1929.3885189773794 165
699.6612735728476 0 1892.4250298880368 165
687.0852883845093 0 1957.4811280939975 140
743.2008667753305 0 1908.1413301881805 165
712.7067059229705 1 1856.704195540187 165
748.3931411178319 0 1868.63853661661 140
664.7822949578208 0 1804.1132527890002 165
680.1489167893405 0 1858.674671845206 140
685.5334662670726 0 1919.6790110623188 165
694.1328306655607 0 1938.4445405381537 165
650.5299966753394 1 1960.3480933001874 140
651.6004092780504 1 1975.892466706433 165
717.3166684009868 0 1955.264755883116 140
652.9376889131938 0 1912.1605620235102 165
741.4888778751916 0 1975.9535176868285 165
717.0078468766517 0 1925.267005870373 165
715.8103344523047 1 1845.7614962691791 140
653.4298968966079 1 1843.6828996276292 140
653.6032982220723 1 1907.748847276829 140
726.525022935411 1 1963.4557754780515 165
680.0517572021074 1 1819.3581499713791 165
738.5276235531257 1 1834.2720137927413 165
707.2348770127651 0 1862.790157088791 165
744.7785049312703 0 1939.029545283384 165
739.4746941152227 0 1817.2138101917383 140
663.4882149045928 1 1905.4658646595506 165
678.4752208828527 1 1812.6752172915426 140
719.6312127832763 1 1902.3463295674665 140
701.5199946913128 0 1853.7562729460694 140
710.5556832241676 1 1831.6325206414808 165
727.8715945017099 1 1959.5694934741234 140
664.5501944810449 0 1817.5845051978956 165
682.1068162681729 1 1824.379724236674 165
706.2038049461958 1 1858.8660082137346 165
658.4748283407739 1 1896.935591539443 140
676.6243073031615 0 1829.2879266051943 165
665.9444775075943 0 1981.126012600166 165
695.7771729555252 1 1849.272677264559 140
673.5998204330908 0 1989.5148692282883 165
653.8745426976396 0 1829.681107722501 165
722.5286926811066 1 1973.055493758841 140
748.0680447725725 1 1947.41816422475 165
658.7916233658173 0 1806.5910757354113 165
717.0440215007281 0 1869.5791083854097 165
696.1817397015682 1 1977.022147299825 140
714.6309961197641 0 1920.6720729942563 140
714.6882157949876 1 1902.921657986015 140
669.1284058104693 0 1850.5439917491813 165
699.3291083736781 0 1938.5224034132684 165
723.0716103919935 1 1947.2779349175175 140
672.7956605298507 0 1822.1209819978153 140
654.1783562512115 1 1879.528484328393 140
657.5508623743335 0 1968.7127983907542 165
708.6456220785817 0 1948.703745911395 165
730.1508772292916 0 1914.2714532678506 165
660.9116494855167 1 1973.6418919997445 140
678.9071645824305 0 1827.956682652597 165
710.596659420569 0 1824.1059834630544 140
698.0905304263489 1 1832.9825327196122 140
718.5534851334507 1 1997.76323744744 165
665.3010793613234 0 1821.0809956552685 165
654.1334781971359 0 1903.5940499291632 165
708.057579993526 1 1956.0571790947615 165
749.4706484816425 1 1937.2373338892842 165
702.550956255267 1 1921.2549779090516 140
702.7665746335398 1 1925.012072339338 140
714.603669453361 0 1920.2005970768682 165
682.8924985000034 1 1850.9372012561378 140
696.9925446627641 1 1945.8281620898174 140
676.5841507298502 1 1826.8525108556173 140
650.8246174364821 0 1845.3007589938836 165
671.0371887240691 0 1804.3738412452249 165
688.0767941389454 1 1853.0359927082964 140
701.9502220093194 1 1814.139225653511 165
735.139822530249 0 1956.0357777465738 140
653.7805826297317 0 1835.1284174444268 140
715.1167192809913 0 1851.2421852213624 165
726.0045790171581 0 1829.7982524730128 140
722.5694334806018 1 1918.1009828297651 165
682.408244669875 1 1877.2951950697432 140
674.2749241475418 1 1898.2798056731874 165
661.708491720928 0 1877.4061974005408 140
662.8828820094969 1 1949.7126517566185 165
698.0778633603677 1 1841.9155812889283 140
658.0967392170973 0 1927.9160757278094 165
660.5329912020784 1 1952.9194870866913 140
677.4710939347257 1 1871.8388565113767 140
721.7902441140469 1 1838.0064161238201 165
706.3151596749263 0 1969.8611459907338 140
693.2651129783385 1 1848.8085321742772 140
671.4105761627766 0 1992.8602047653321 165
667.6679198535121 0 1982.2779324166293 165
665.9695777191833 0 1990.7859912564018 140
652.1875517151393 1 1949.3867985965005 140
679.2430995944935 0 1927.5663765748432 140
666.5942291141954 1 1814.3610621294022 165
709.1100623333357 0 1868.7298289472594 165
670.7274193911311 0 1802.5457492707933 140
666.2322114257681 0 1941.973969059791 165
658.6215919511333 0 1910.465132223709 140
661.4660719337869 0 1953.3103517747397 165
698.6597611451468 0 1944.5385779605158 140
722.4624020688251 1 1830.3143247600303 165
716.1862471136401 1 1952.4149660974504 165
735.6714179025691 1 1816.6791453958856 140
749.5172069864299 0 1993.7900252191057 140
660.3069337364581 0 1923.0222827404973 140
679.4100154025222 1 1868.0338140708627 140
697.0863152924147 1 1802.9845644595205 165
667.0272924640597 0 1929.5365929182624 165
736.0842352469745 1 1862.9454665866408 140
658.5116852559381 1 1976.6214046331472 165
748.86790694308 1 1843.8422031889177 165
672.6815814325136 0 1973.1827302354682 165
671.3595380460227 1 1886.885672632055 165
738.0153783595122 1 1862.7845989509813 165
734.9515773755709 1 1887.310751046495 140
673.219398531443 0 1977.0334071649902 165
651.6646559905271 1 1958.9289946949348 165
677.9512476519071 0 1954.7363667946563 140
675.6642767404082 0 1952.1980519090885 140
728.8124374935104 0 1999.7567166313827 165
709.9009455876885 0 1803.9238436418032 165
748.2330050802389 1 1856.3093371249033 140
657.5012777617267 1 1918.8929430879155 140
715.0589088025806 0 1952.7944053493384 140
663.5284341327097 0 1990.9021697340845 140
749.1845690291863 0 1904.3852728914255 140
717.1833292486182 0 1938.9665198266484 140
749.7296391756042 0 1878.4093963275104 165
651.4123649141965 1 1846.5544719288034 165
671.3313905785006 0 1803.8166937698331 165
658.9849934831063 0 1908.3644216547077 165
674.4987852543336 0 1899.1813010979927 165
663.9084564545896 0 1987.5419892538432 165
707.7552476269332 0 1810.5331595715486 140
692.4939967768203 0 1922.8784878476863 165
743.160211909591 0 1988.9690187362135 140
704.6128453174687 1 1855.4389896728721 165
708.1418095666755 1 1944.524962493063 165
744.741324525022 0 1976.3239627968937 165
718.8501939459908 1 1884.9904192766146 165
744.4213971610105 0 1842.0173608653563 165
717.0176150734318 0 1993.837218675207 165
720.5123982925636 0 1929.3129254054606 140
735.0574136817525 1 1922.3307647712954 140
651.4284036534051 1 1851.938318332799 140
688.0308554903479 1 1815.2673048112856 140
669.3092604953489 0 1858.8090009987666 140
728.8135494628823 1 1838.7199733757377 165
695.555530811257 0 1959.302173886582 140
720.9300175921978 0 1898.2678574719482 165
730.4881525277167 1 1994.679013016875 165
677.0373306997348 0 1829.6973353953756 140
665.5814128974625 1 1925.5473628065577 140
721.3977747114066 1 1992.6932748713466 140
699.2660612149484 1 1949.442196479177 140
696.6547855522476 0 1899.372973398006 165
744.1766888691707 0 1980.1401160816265 140
668.5826403679147 1 1834.336745567242 140
727.272669321149 1 1813.5432529848424 165
725.2911556887784 0 1813.0916760960613 140
703.1230664599307 1 1843.1697411748917 140
716.5783765404378 0 1885.6502309020411 140
739.0585821250743 0 1839.2655982975627 165
664.5574137063929 0 1811.9767232587537 140
673.6317661547373 1 1931.9766023390123 140
695.3193423170934 1 1862.9103502567073 165
710.8949374121993 1 1944.2286378445528 140
688.7906388044461 1 1936.641620044426 165
693.3440696663098 0 1961.380066226831 140
690.7890190363253 0 1823.5762781605526 165
682.1378681781509 0 1878.5422021958893 140
665.7480437059803 1 1930.6504470500645 165
700.8718228714496 0 1975.7457741412995 140
715.5709574634939 0 1840.7187844694383 140
682.2642978929937 1 1813.0972562313561 140
696.4048783315997 0 1933.0226785291616 165
749.7894967445712 0 1828.1829981781282 140
693.314921563474 1 1801.1416349671845 165
705.8508461894692 0 1884.6521350688497 165
684.5770019859201 1 1924.0166871857207 165
674.8754225395492 0 1907.1527623036798 140
696.6713120182469 0 1938.4936307240187 140
740.1650459096667 1 1966.2909577857488 140
706.5880922098979 1 1934.301720803159 140
685.74877826162 1 1812.265016013821 140
726.4400579792703 0 1869.0893259420138 165
724.120557848188 1 1951.8396075892217 140
707.4437604800144 0 1823.345792281854 165
666.4556382460727 0 1929.6105128089032 165
742.1963503833659 0 1836.0436208044368 140
734.874936095034 1 1841.0967945882128 165
676.6770673935546 0 1892.163495104976 165
661.0049418967446 1 1966.490424856102 165
704.7686912726831 1 1968.8586130528602 140
740.7544342602296 1 1959.3904331634753 140
650.0103217302939 0 1991.644911021416 140
706.7679481683736 1 1886.831388514681 140
660.5298537074908 0 1967.3778379550342 165
720.6327632927095 1 1945.9928560809235 140
650.1503808737441 0 1809.3378638943143 140
686.5203385363805 0 1890.0364234392332 140
666.4202102853541 0 1851.182067501148 140
736.6396413533812 0 1975.976948023063 140
746.7325263690166 1 1986.3134849010335 165
736.3191531216299 1 1811.6020588018846 165
722.1158338242234 1 1942.1188083874497 165
706.674162391471 1 1899.8898288864718 165
662.4683429736644 1 1977.1978009607064 140
663.5337289657675 1 1941.8788158796892 140
707.8990279992563 1 1857.3139263621592 140
657.5587524531915 1 1871.3530894184817 140
714.7375714115365 1 1877.567713850223 140
675.4722390766022 0 1998.502216156336 165
702.2138446161042 1 1928.0221829598413 165
667.0723130138192 0 1801.476261297992 140
706.0672986690142 0 1878.7757294575154 140
712.8119443611947 1 1881.8139764940242 165
734.3854371410654 1 1894.4209282593717 140
701.1216629789241 0 1925.859397582305 165
686.4799006667597 0 1888.5405815739023 165
687.2314506126208 1 1876.9035296452264 165
663.131150452721 0 1982.2001581009129 165
700.0959591325332 0 1828.3044550518566 165
695.9464123301543 1 1840.5944049904665 140
680.801500968076 0 1834.5954055542175 165
745.0375117787731 0 1874.6893242176586 165
654.7981317839567 0 1815.3448729008996 165
670.8572345964538 1 1817.9160752723776 165
655.7201910798619 0 1888.3368659337186 165
737.4860336634558 1 1806.593629035986 165
695.2483144106078 1 1998.991745518965 165
669.6630633045982 0 1881.6030451598408 165
742.7856857805633 1 1975.2779619928963 165
675.9796310688077 0 1937.6263345723905 165
720.7229560954788 1 1845.0136018145251 165
699.5606012230671 1 1991.1721945717545 165
688.9969128255757 0 1831.183169153872 140
720.2639289544436 1 1814.0680716027448 140
680.0408343975636 1 1805.0976963240166 140
743.0237770653317 0 1815.0766067874472 140
693.4201927377684 1 1804.6801082910365 140
728.3870769345668 1 1819.0185451911555 165
675.681993956478 1 1832.9081313147515 140
746.0684527521566 0 1962.4740452939993 165
681.9086211391976 0 1849.0864614974462 140
720.8864387321537 1 1824.1941922747167 140
747.0974909034317 0 1862.9651303955975 140
683.6647043401006 0 1858.3038815854027 140
663.738708030233 1 1940.7215382785182 165
731.9209672487314 1 1886.7285732334624 165
708.7716712740819 1 1832.089879927194 140
738.2130380401744 0 1897.7916798605006 140
686.5426675130398 0 1835.1107745618665 165
686.4984702251633 0 1818.0102706619666 165
701.7348441598855 1 1963.88093155957 165
727.9067262990012 1 1916.385042840068 165
689.1563443129955 0 1949.7259917153394 140
742.8869049093261 1 1968.0826393431018 165
685.3322232488534 0 1801.8383498369874 140
676.1541046721444 0 1979.8582255250528 140
732.2861894115861 0 1806.5059127147836 140
711.1151967931437 0 1871.6832946101808 165
713.496814063379 0 1881.495277236468 165
748.7959029807697 1 1804.64590026382 165
741.7167759550726 1 1872.4903841156715 165
716.240064384098 0 1873.2159453551203 140
728.2391367825869 0 1987.554376547529 165
734.8109523582011 0 1849.8716430448865 165
690.7291850135331 1 1963.8161384489833 165
678.0324491116374 0 1828.276099066876 140
662.9956097432969 1 1890.241495083983 165
656.1594173989 0 1878.4043435850385 165
728.0593105753749 0 1821.9520959239865 140
705.2108149053528 0 1817.6328115791132 140
746.9721332668792 1 1952.6061154249078 140
707.34255442466 1 1993.0909794502486 165
704.9021565659261 1 1869.6159389704899 140
679.3296270670236 0 1923.973401541298 165
707.5820657057999 1 1952.5049153163923 140
740.1260512997743 1 1919.4917477303864 165
720.2765333521199 1 1888.8725994670779 140
731.686399652235 0 1814.4361348139885 165
654.7016199171892 0 1914.3647903826989 165
713.4632487245397 1 1920.2726163509608 165
705.3286111721375 0 1893.3510515344753 165
721.9270857210539 1 1916.3367578611503 165
707.6302953240344 0 1918.1436507527144 140
685.4497791467684 1 1898.4098389154797 165
722.7202006322515 1 1848.0919573772808 140
661.006597067396 1 1941.6860358095773 140
746.1933807022775 1 1909.7975320823352 140
726.2655501961319 1 1918.192144794804 165
652.0507121537897 1 1839.0585594127701 140
731.0197203364899 0 1928.6585773752759 165
653.7188359691202 1 1972.8272799065319 165
656.2103906129436 0 1889.3983016532222 165
683.4927033659269 0 1961.4923831190645 165
671.1921403662193 1 1861.3900658714304 165
681.3384404301055 0 1831.3672110905777 140
679.4369239873748 0 1961.7171790067132 165
662.9056085446856 1 1907.9016003085726 165
654.8699230627443 0 1903.67011806878 140
743.3517227807786 1 1938.116822558046 140
670.3273914930701 1 1805.3789600137666 165
673.1038322101301 0 1925.918922897367 140
728.6612349301477 0 1999.42406284336 165
709.4015065517086 0 1970.1128451558716 165
655.3332393235871 1 1807.53872276259 140
673.5118608594864 0 1830.6823774086229 140
736.6231692818341 0 1800.276670852134 140
690.6375895093443 1 1985.2049879793797 165
682.9053748414632 0 1915.6400834025578 165
684.6014673992007 1 1822.051848601177 140
743.2959020426091 0 1832.2568535908463 140
655.2144092538176 1 1802.979796727112 140
722.9666495633638 1 1992.2126403860407 165
666.4832420305439 0 1970.476722590796 165
685.9515210147329 1 1804.273761320713 165
653.2559724473746 1 1809.5412250926972 165
716.1892700709375 0 1904.616852143316 140
693.6833520057938 1 1993.4428030545503 165
682.9982614565814 0 1980.1182439973184 165
712.5400388543333 1 1822.169142316963 165
730.0181714361594 1 1827.8486514485235 140
734.2968237142903 0 1949.335236880098 165
705.1080435297649 1 1819.7404322652037 140
726.528723963261 0 1994.5898403772746 165
744.8231239857142 1 1885.5547272753615 140
701.2847727354762 1 1933.7743159225365 165
702.7744770111108 1 1930.7441530947435 140
729.5561931229954 1 1972.295052737279 140
721.3543805009422 1 1905.526151818359 165
713.7203945303697 1 1990.3459536233208 140
710.0093448009337 1 1884.053050126948 140
684.3006375670568 1 1893.310289482296 140
697.0769367895574 0 1978.044418045316 140
711.7663143989706 1 1808.412386962359 140
723.8507810976134 0 1996.4673556792477 140
699.4239343976081 1 1958.1185210696633 140
708.1373222301906 1 1901.1146112419594 165
745.7625296799439 1 1837.9164228739708 140
737.9771244908885 0 1887.7566005475621 165
734.6027589083118 1 1960.3727197518504 165
651.9322332898874 0 1844.9227429143455 140
731.5382365154334 0 1961.4175399546039 165
712.9941828207841 1 1862.4175292169039 165
664.8486118085569 1 1917.4235258256447 165
700.5907794980712 1 1982.8030714577653 140
704.097036609703 1 1874.0212820747838 140
688.9439207599247 1 1849.6444774373037 165
733.0784946700653 1 1960.376586949006 140
740.0777035324048 1 1840.5127846897624 140
709.3190724427188 0 1802.6988739571577 165
742.6235255609645 1 1989.3320589818907 140
688.5088898874485 1 1896.6917524076443 165
687.0247717898762 0 1865.0803115012093 140
708.188997818849 0 1945.2231701868081 165
687.5077519861652 0 1814.1454282936143 140
679.2284478710461 0 1806.9215935722766 165
723.0145038654168 0 1937.7724514794857 140
661.5206799830307 0 1966.7262398580037 140
661.0370542354576 1 1946.360229641989 165
658.9454821095826 0 1956.7583411179473 140
661.728891350651 0 1961.6902421665868 140
668.4534523078354 0 1810.492172913297 140
725.8874399843143 1 1986.773118903076 140
707.4969865031632 1 1883.999861082468 140
735.3353857871623 0 1860.01902027533 165
671.8808873992307 1 1855.4323163074457 165
678.5182058877784 0 1866.0637416176367 165
722.6213897412201 0 1838.082369598224 165
738.0101706824936 1 1896.249394588642 165
684.0154853308233 1 1974.6697487202302 165
683.8634842415166 1 1888.4908600140052 165
692.1322027638316 1 1915.2965988048993 140
720.8983799188813 0 1801.9853763178235 140
707.0140145551272 0 1819.7949821006478 165
710.2318710782042 1 1920.8340463353516 165
731.9757083351876 1 1829.1881759536132 165
704.274961227963 1 1807.4417761276932 140
722.3828999049427 1 1912.8952371266876 140
681.426313079097 0 1832.1323880434002 140
683.0407520805693 0 1853.2503619147349 165
734.4116950392238 0 1831.1028656109859 140
672.3987720457777 0 1867.6533520433516 140
681.1026812541085 0 1836.0053377609936 140
728.8388908986927 1 1821.1895418133736 140
687.0939551135485 0 1802.973431131046 165
711.8527679607502 1 1906.6378578501804 140
665.036272761091 1 1937.9764712242388 165
702.187675159185 1 1825.0829801307275 165
742.3397641421501 0 1889.2794670689022 140
732.0797921793072 0 1838.3592819826881 140
710.012517578396 0 1978.8914787452577 140
706.7535146797097 1 1803.0029858337157 140
723.1125960083294 0 1853.830392723794 140
677.607965587124 1 1983.435469312447 140
673.9555963669799 1 1895.1741754948284 165
669.3860082365678 0 1866.1699267399251 140
730.8615898058853 1 1823.0512740873078 165
740.7571250593917 1 1857.2821155590204 165
672.3461267237592 0 1922.036741435336 165
745.4384958310973 0 1966.5433968086436 140
676.2705850591406 0 1915.078437483211 140
673.8855871764692 1 1902.3780204721927 140
739.9402354716505 0 1808.915971517361 140
665.9515737470763 0 1873.5986423948814 165
720.6686491255113 1 1887.3422568686692 165
749.0059090917763 1 1894.4064046394788 165
687.4064411565824 0 1827.002058136599 140
722.423538846829 1 1983.7781396844534 165
689.4797963137825 1 1964.023093503078 165
709.4431418893453 1 1917.5988609967212 140
684.0779737995348 1 1959.9786452095102 140
653.4235659739057 0 1926.4136847053087 140
669.5220499293929 1 1864.5288345805504 165
743.9874739170816 0 1885.5423483766417 165
714.8004345290967 1 1943.002556312795 140
675.2413802967487 1 1884.8840648915393 165
723.5997145398185 1 1815.3217498957408 165
664.2642762303077 0 1955.2201354798033 140
731.3436604686365 1 1988.811189290406 165
708.580290125361 1 1940.6750153493565 140
724.3579888082586 0 1921.7775494535663 140
719.0035529260746 1 1969.458481309832 165
736.271724174019 1 1921.2160825151848 140
664.8312608642196 1 1908.824933107959 165
705.4089279635518 1 1905.746002611554 140
714.3775211338804 1 1807.196631750184 140
708.4978260930408 1 1804.5873412294177 140
712.3485515675617 0 1945.2636727281028 165
736.3219317984843 1 1921.9001366032048 165
651.2255168013107 1 1994.9279668705499 140
732.9253899708109 0 1950.7839172981844 165
715.643818642852 1 1942.1448175166613 165
738.8455851257976 0 1963.1045720220266 165
739.65655555123 0 1894.3071820620487 165
674.7805140624862 1 1827.4557798324572 165
653.9672006445029 0 1860.901906966552 165
695.281824202882 1 1914.9254681899315 140
741.7188683654995 1 1865.556277706154 165
719.6594400290346 0 1891.9499653732723 165
733.8486218264611 1 1807.8074771838747 140
651.3429381406235 1 1915.841038656818 165
661.963968702109 0 1844.7824892851356 165
708.0367955839182 1 1945.824709945874 165
712.4130208796796 1 1889.9850394439788 165
670.2135443532236 0 1883.9434685326046 165
662.8397192863447 0 1862.9767607303663 140
704.663989197061 1 1944.4424399666448 165
745.3391624569556 1 1921.7984105364724 140
744.2926954654673 1 1817.0849004038325 165
697.8376197304678 1 1928.2263779627992 140
743.1666348145508 0 1823.2643190776314 165
746.287237741441 1 1871.7865522765683 140
725.1315786540638 0 1884.5223038922577 140
741.8561753199534 1 1814.2739441301205 140
723.4640795838191 0 1892.3128157416268 140
675.0955440257892 1 1880.0393297092628 165
702.5139585780505 1 1881.1639524263908 140
678.1757983857557 1 1844.7812373147653 140
650.7263549442084 0 1823.8206073735757 165
661.4329617960901 0 1977.5723983174375 140
732.9294456350804 1 1838.2478221543258 165
680.152626029139 0 1842.5282847750302 165
720.9111701036647 0 1821.8185926889641 165
688.8847116072785 1 1871.247678828627 140
674.407457889034 1 1810.0041835667566 140
675.5345130572581 0 1840.5860822833904 140
719.2687534391602 1 1919.6539295019045 165
654.5950257417046 0 1993.6812042034596 165
729.9482726983902 0 1869.4749298799532 165
659.6858458481329 1 1935.064517727959 140
738.4779243975953 0 1865.9301727566462 165
663.1529199177871 1 1941.9347598762201 165
653.1435683586387 1 1859.1451883575412 165
712.8151858965388 1 1802.9122819752777 165
661.6237033326769 1 1825.7734981219755 165
691.8773860196104 1 1806.5826609386716 140
700.7509922611592 1 1854.3076764683858 165
694.148547633125 0 1952.7180261242138 165
666.0399423006247 0 1929.8072726249939 165
720.609727300791 0 1902.1140331335278 140
742.8556447898504 0 1813.9902189464042 140
655.9447923243447 1 1817.554374110504 165
715.7467474153013 0 1998.481914719477 140
718.3635393081239 1 1876.7452962796606 140
709.8991158331106 0 1965.1381979981286 140
745.9007752687833 1 1994.8354704972385 165
685.9255098940605 0 1832.8155256142459 165
661.6726798203189 1 1977.8558576077182 165
657.6760737061829 0 1841.4263846056276 140
746.5514481065339 0 1907.527108786219 140
737.4071130152806 0 1899.0660004222748 165
734.6551204808266 1 1894.298838082797 140
686.7519529665402 1 1828.90572267944 165
705.7895931289123 1 1925.19168091965 165
706.3725150200826 0 1966.113235989089 140
736.6836130304348 0 1848.5972560782564 165
712.3232761789533 1 1898.9621511892708 140
660.3441330699794 1 1887.150745994148 140
749.1521314127829 1 1892.6550546512865 165
712.2223056222359 0 1956.880607861456 140
657.4979830674027 1 1952.143423518023 140
688.4797341703526 0 1989.5413508092122 140
693.9637954528775 0 1868.576911998265 165
734.4904933770308 1 1949.6048081043598 140
728.2533981724085 1 1962.3655130638972 140
705.4688166261492 1 1871.9612329940242 165
749.9064392584952 1 1871.714807586644 165
699.2117792381998 0 1870.6501789648887 140
702.3362837703003 0 1925.4000645338572 140
695.9951960843135 0 1977.7450764737368 165
708.0728691686572 1 1848.6573007675368 165
738.2498171697391 1 1947.609743289174 165
734.3012340900812 0 1802.8608981431883 165
721.4023725024051 0 1947.9919012552166 165
730.3433499208288 1 1942.860513456417 165
739.2280946320433 0 1979.3221667478472 140
656.3197784585869 0 1807.320077741407 165
688.2664674805736 0 1920.190721751155 165
704.5574100315699 0 1956.3922127666974 165
680.1628720381506 0 1948.8920701223844 140
709.9106811304126 0 1948.7752386487073 165
715.3627342591625 1 1920.0049878860275 165
692.6411755677815 0 1982.6774716895284 140
697.7510821896777 0 1888.7285450959132 140
727.9245773034064 1 1969.2981102779681 140
665.1266422049099 1 1965.3704925942275 165
672.4504689985985 1 1898.0729387292572 140
717.4074043781118 0 1841.513235940118 140
653.5013587281366 0 1836.4240716878016 165
653.4098987004234 1 1907.5317613695138 140
694.808442396386 0 1871.6499053285227 165
654.6655979514264 0 1995.22210535671 140
686.9708353685994 1 1917.1273402278305 140
734.0454800330244 1 1941.0525115078233 165
709.1460689070809 1 1975.909783636773 165
723.8646824084913 1 1943.2169136805821 140
668.0072379756256 1 1801.3579217080155 165
696.1951990531205 0 1814.565151489074 140
716.9377666633205 1 1891.455455547848 140
691.8067145709813 0 1805.3618547834787 140
688.4699964197027 0 1992.0595528660654 165
659.512020485369 1 1832.2753927699841 165
682.4879064456444 1 1954.2283720511425 165
734.1550523974951 0 1990.4699724888776 140
690.7272052845915 1 1841.8017990343926 165
728.3368488495219 0 1955.8290350186649 165
721.633784265964 0 1902.7401010276312 165
685.5116786694834 1 1957.2160193835914 165
707.2943663067573 1 1910.1830370904356 165
682.0042018551271 0 1988.745233333655 140
679.3710151899849 0 1899.8379273014514 165
667.1480491867832 0 1918.6640764252306 165
682.3330967042212 0 1825.1146190344184 165
749.0933763271893 0 1983.340697331067 140
703.4325946906233 1 1837.7139026132866 140
732.8390252543597 0 1877.1194067025863 165
657.7090401847306 0 1940.8235504695535 165
711.4438799854561 0 1953.3067538686755 165
688.4710591316978 1 1942.7413650700073 140
732.5364937729512 1 1867.9517372756093 140
652.6172054021584 1 1843.4316512116 165
650.2373717883361 1 1884.895174283672 140
734.7358039901164 1 1916.4493264515809 165
746.4098445533909 1 1924.0401446691124 165
718.0206739198759 1 1881.9933640247734 165
745.0884631409297 0 1876.0631284711449 140
702.4638296193122 0 1909.192797091462 140
719.307609056614 1 1825.3425774322443 140
743.5546585860411 0 1918.6093681837237 140
670.2926966066084 0 1832.4854145411107 165
691.8385566974353 0 1838.5792928599149 140
721.207355440559 0 1955.7138930928468 140
746.4025925161701 0 1933.917518014277 165
696.7022130831261 0 1961.145841673343 165
671.1361082447846 0 1926.1550381241018 165
681.7590823397911 1 1835.1994770076155 140
721.9545459046933 1 1864.1650752582016 165
665.9238014964977 0 1907.804361347858 140
655.947240587152 1 1977.399930692889 165
733.0267070827924 0 1822.63478791874 165
691.8631714287808 1 1931.4334693946712 165
733.7480138745746 1 1959.3587344082955 140
709.7421323240136 0 1864.3726595353212 140
717.4640162218997 1 1891.8651418626096 140
719.163126354307 1 1986.9219719552652 140
689.2335145641358 0 1964.1030538218447 140
720.4836829531172 0 1874.3332746381889 165
736.7894877444041 1 1896.4608645374374 165
714.647655451682 1 1841.9310180664663 140
668.0283768544455 0 1805.235699788607 165
723.6968646206469 1 1933.2973812762477 140
690.0396481105801 1 1968.4443398180076 140
709.4863453801232 1 1820.910161612139 165
741.47276885563 0 1998.2398300653122 140
733.7387506364346 1 1927.2259487320275 140
701.9911556449605 1 1862.4636257145887 140
736.5306400807187 1 1916.216128565432 140
713.1954705752927 0 1802.7552699006171 165
701.849385446402 1 1830.1258561465213 140
729.1718256599829 1 1983.6206813996637 140
742.2866959586163 1 1941.701925294091 165
683.366029657571 1 1926.74151629724 165
660.576437017151 0 1931.645498517909 140
745.5250678001809 0 1935.4245858795698 140
694.8923379545741 0 1999.96929552565 140
720.565544878941 0 1868.5050156057468 140
670.2963520199806 0 1890.147473370122 165
688.5637831507108 1 1803.7086840307254 165
716.0885750981934 0 1925.7776346091534 165
745.8498710408892 1 1931.5639693247144 165
719.3902289287377 0 1932.6398466338305 165
