717.237562623545 1 1986.5020514157056
666.6621470203797 0 1900.1747510861808
661.2592113433137 1 1977.6413777522837
728.7559980864734 0 1890.602199989104
711.7828422147975 1 1980.479501365143
716.8929739384544 0 1906.8964329040264
664.7125680954116 0 1967.2173173505307
714.2614446279683 0 1971.888257453836
660.5390437568228 0 1871.2374789785315
690.6731607937322 0 1906.546082984677
741.6913394438035 1 1984.0931351101644
656.0943837854 1 1808.3931112468397
742.4586399676643 0 1966.8692791202886
689.6296660769946 1 1900.133536370537
660.292333379611 1 1932.8441009163207
672.032314854132 0 1879.460171812209
706.2170617649995 1 1833.826482959395
666.5847700098096 1 1892.6982990483073
654.4456309598754 1 1880.6015930615586
739.0920844862196 1 1883.4323847321916
676.1243704079493 0 1874.0130644162375
739.6543833733499 0 1910.4216771333768
691.2580685115698 1 1953.420340979174
721.4857446014547 1 1948.9376376319053
729.3632146755677 1 1813.293348450774
651.469046262613 1 1980.3077274162483
733.1963433453873 0 1845.3925716352899
667.3792082807861 0 1946.3613331817924
652.2921404903744 1 1815.0545133438743
727.1900120999447 1 1936.393493826332
697.1369092786273 1 1814.2420753031984
652.4260556103648 1 1895.8790604483697
723.8647418981507 1 1845.7154187184053
742.9180794637725 1 1856.7767504780345
743.3367514836407 1 1801.8308979626502
741.1909793247667 0 1828.2119631720457
665.6758653506589 1 1894.8010090801856
671.0691494753571 0 1912.21117763391
693.303847397637 1 1807.3735932563138
651.6771997023357 1 1896.9081049878641
735.0579634786708 0 1957.9530700431565
745.942832098179 1 1944.9344841375196
720.140028028266 0 1966.3242704726001
735.796435053715 1 1969.4481111071764
719.9620897494818 1 1883.8339507095593
672.243458212867 0 1935.2228448163487
685.9248760225598 0 1824.4964814754185
728.6204158056267 1 1936.0077194153062
741.4308382093719 0 1969.7795703746192
666.6688803848373 0 1964.3694570276823
679.5734082788933 0 1892.844771763833
702.0589916655376 1 1824.9103312739612
740.3899607179875 1 1910.1391175513681
712.8824713151333 0 1884.808344510307
665.4960922522716 0 1862.8949164324824
725.2202617412604 1 1904.5843814509346
728.3082857590542 1 1831.2523287338195
665.564878900711 0 1801.3713868207637
663.4551763169776 0 1848.7505268524878
672.3482679196161 1 1887.9478800713594
691.5784105553104 1 1882.8453868935344
725.581507881078 0 1932.0329930043822
692.0282208181989 1 1890.321022731922
725.9476220237559 1 1816.5157458380806
698.2799780048028 0 1917.8112419063698
670.3572757864861 1 1960.3408140369431
668.4630155847902 1 1852.8899603553004
696.1527492979939 1 1904.0878018993528
723.2339538767163 0 1940.9411247962596
727.5265745679819 1 1888.1046794903036
655.1608400603072 1 1810.1730836968172
696.2604272261628 1 1885.277866525251
734.4690238851786 0 1881.2721077422218
747.4077439252045 0 1848.8602573652047
739.0104725940422 0 1902.9413548677999
745.9311476915357 1 1974.4484635624524
735.656437296716 1 1936.9199531782
724.1237685004019 0 1836.227186904465
692.0278176377141 0 1824.0502439202594
707.9350380407249 0 1970.3245775174664
683.8292520659442 0 1860.426239522629
696.5269108503251 1 1893.1786822494894
706.357415588299 0 1912.7599498329546
731.0887745000902 1 1849.3682998396253
654.3184631764074 1 1969.6536528073116
659.8653875824504 0 1861.7486463014534
687.5081474768266 1 1983.031196503612
700.9172251109097 1 1876.6486332885966
652.2880261592135 1 1910.92718654757
719.9952943023779 1 1879.0758417219242
683.0783281045954 0 1955.6715721576386
684.6299467743445 0 1932.14717201628
712.623140357529 0 1851.44023080776
698.2512651198552 0 1873.2128922643556
664.4976418343825 0 1957.256447340905
699.8826646392838 1 1899.1189086440124
651.5255555094327 0 1836.8154109400875
678.3978254318836 1 1928.1671526891462
679.8647662731203 1 1833.439298709003
691.9901600360322 0 1965.686571702249
687.2047892929897 0 1894.5029011274362
658.9119501894816 1 1974.4041469195483
677.6906348505672 1 1859.243810023688
673.3250285650472 0 1927.5705743630906
689.7406053092598 1 1936.4401146051569
723.8519292748753 1 1813.045254752249
717.1944152312692 1 1977.147655465804
699.2801336153964 1 1902.3729139015227
705.2619573683393 1 1892.4863359747087
709.1077218962813 0 1861.0052815762363
690.321971913382 0 1875.669297180642
666.253244542987 0 1862.478337395916
718.282431274882 1 1860.027203724136
653.1975451697891 1 1800.9485552043209
735.3659477539613 0 1946.5608060339505
740.0268806484362 1 1814.3498943837676
726.4854232132983 0 1822.660518736309
688.4413606912592 0 1902.1417703476718
678.1994269824302 1 1988.082649255831
719.8741467966165 0 1885.8057567093692
670.3878322903586 1 1881.031780977608
665.3184239908808 1 1841.5647393681777
733.5100082967849 0 1962.6851936281116
667.48208857187 1 1860.2463004197025
656.6762011096428 1 1847.1222249951625
653.5650464296522 0 1999.3329249927092
700.4706041982661 1 1908.6929756973263
744.8109189946842 0 1937.2541692859381
694.9592263328748 0 1952.9646252682442
738.3177913240502 1 1876.2850572945656
674.8997893891437 0 1884.5890491586242
721.2576843108086 0 1893.4766439569037
659.334320443191 1 1899.4671702524683
701.7566068372057 0 1896.0366527315164
683.0128353230415 1 1844.3508029622355
748.4279632549595 1 1964.5572923650107
672.4509296745902 0 1866.2890268682631
684.6124158334364 1 1956.1724413578659
691.721160797524 1 1867.9929668868392
668.1161290048317 1 1991.3612688922726
665.2982534201641 0 1816.223171046839
672.3627371866762 1 1884.4473183248858
663.0152014789271 0 1941.150386367493
651.7481968672597 1 1884.9191642383655
745.3233172890039 1 1935.4895991975118
732.0185206372954 0 1904.1636985445218
657.3541269698637 0 1954.970919942142
710.0030531230375 0 1874.300575916061
731.8644518059958 1 1889.0417028531588
713.9829978391749 1 1959.9159253068997
728.2139354989048 1 1958.4879577593556
743.4396527598217 1 1885.119449167417
698.3696017250691 0 1942.1217134788967
673.7589183890537 1 1804.0278876275243
686.8316144888421 0 1842.166346129495
659.5265242941967 0 1887.4074305758854
687.2769619650925 1 1890.9680081686656
739.8941693575778 0 1855.0601380923067
684.8478968641343 0 1850.8068004733277
709.4079414281754 0 1934.2193931057282
681.3540423151532 1 1816.6600319364488
707.3707011781015 0 1926.91195186523
689.2635330167238 0 1935.5035217074033
705.5016973727235 0 1910.5312790071382
730.443490770782 1 1986.7081794493465
741.0558230116349 0 1911.458524438276
726.3263267776222 1 1912.9087479250104
731.6612974673357 0 1921.841800687147
695.8256090943494 0 1878.926321443489
690.1993582380427 1 1964.5084893189037
742.4832652122035 1 1916.4620654580222
734.9186469719533 1 1884.115284588166
719.5245319204553 1 1997.1681983771834
656.5846066640502 0 1846.972828099417
668.644507490674 0 1929.5332953804354
738.8236140895241 0 1872.7932853920604
715.1382061645237 1 1851.4147684753852
705.3156639608957 1 1856.9068704963524
722.8776630730376 0 1828.7088054658489
730.0988487896423 1 1909.7665704023964
690.7864980947043 0 1825.8912347221055
702.1708387531085 0 1948.2221128613035
661.0641895193214 0 1835.4702037924737
717.6704299253518 1 1967.1287820302246
690.918461601584 1 1978.1406506139551
670.6863367721394 1 1942.2969351108613
652.0424337692547 0 1994.7212108618917
689.0915048049534 1 1909.4720803482894
726.4902956940975 0 1959.575216305594
727.4294550278684 0 1932.890558218627
661.8774359105479 1 1910.9734589247075
711.6355473903141 0 1833.186456522646
707.8727838797896 1 1997.4540351711441
744.388596715979 1 1898.075826281544
679.4394835015044 0 1845.8895216141325
717.362386088933 0 1857.4832742645867
739.539498388863 1 1812.0778461459709
715.7972135245749 0 1883.6349852751623
713.7621936322191 1 1903.324054624456
718.3929180590276 1 1821.6401011425107
708.6220881789515 0 1802.6077371804415
699.912107145874 1 1876.5996662057787
724.6778825812132 1 1975.1787942803794
653.9314572174294 0 1936.6278599754608
720.6860451579663 0 1902.0179134589155
687.697277771485 0 1825.4467618545361
685.8222963743815 1 1970.9304156364767
699.7422397662568 1 1811.8476789684305
717.8446858907421 1 1981.3210187663824
664.65238002213 0 1899.0211453642983
694.659451658312 0 1910.8297527687084
654.3240187929282 0 1925.7150592920648
690.5649325166871 0 1982.9409742206315
673.5217409345934 1 1942.5654306126314
707.3032386252614 1 1862.912374037296
709.3474388930665 1 1883.9080828915232
668.701314061923 1 1890.8862815743798
684.3513668101077 1 1969.8511477183526
748.3167659629546 0 1951.888467615902
711.4603723190435 1 1969.620636944655
667.5529288716223 1 1820.8681713643032
650.5891287997703 1 1821.0742524463312
663.9794514012875 0 1911.077031939602
678.547383431199 0 1959.9738979588774
717.4898722113251 1 1934.8248620649188
726.3630001631261 0 1880.2429633490294
678.5932566801737 0 1855.7180607326316
699.5483911280719 1 1817.9329239565072
745.0115378057568 0 1885.0239271524138
654.1445817193669 1 1841.6416557947014
721.0142083094722 1 1887.3043140891227
696.1818812868611 1 1921.4049152441175
714.6415841165771 1 1964.3240699814442
673.318745329731 0 1925.0567846557603
668.8618878724344 0 1835.0175981112523
719.9604353334419 0 1880.052036855737
735.903185710426 0 1860.2036451802803
675.7968338858892 0 1865.9552755281043
686.1094566876652 0 1893.7567552363043
743.8767831799958 0 1860.2911896509831
723.939888267842 0 1882.9066623333317
715.2485915049754 0 1980.293835406686
681.1938714771351 1 1821.8753254504863
738.7537618000988 0 1807.6453048189096
746.0102769823646 0 1826.7056290769754
659.925440307358 0 1813.42804318315
673.6793411362846 1 1955.2748840085833
720.6008953307744 1 1867.2971788502966
732.0710839499629 0 1915.6645398638295
718.1613319997927 0 1966.1735060832414
728.9884247045499 1 1920.5069440431548
699.5898651842284 0 1957.9811682275185
725.8990752297507 1 1960.5942279945825
685.994055841909 0 1873.3288666862122
717.3551270624015 1 1861.6512717248524
711.8871349175143 0 1901.4776155782051
699.5804459221179 1 1977.0467087171353
672.4721313015712 1 1965.5264750044582
666.0676919057929 0 1984.5657986088645
696.8032732273473 0 1921.672171581616
748.294201182591 1 1918.4629524431614
694.9898613921175 1 1927.708532441232
702.7158322201495 1 1957.151858158886
701.2294607191561 1 1886.5819978681627
745.8837206564107 0 1919.2429932389123
657.2047900893393 1 1811.7128613314037
695.3165532638283 1 1928.1356440086781
656.7330950372561 0 1911.5584166713606
691.9883761870802 0 1928.5113612578741
715.3181180484509 0 1831.3703442660003
743.959828883374 0 1878.285422099049
718.0079402828821 0 1839.4428334135218
724.5560030592487 0 1972.3081513421444
670.0809422667548 1 1835.3559225764914
734.0332950359935 0 1883.4503021454716
677.4239388341935 0 1997.7861434309268
699.2630207400797 1 1906.7781457936971
724.2177653051582 0 1928.7290364114583
724.5137213442908 0 1951.7846189667487
695.1210665472424 0 1941.586050854483
671.5586645158778 1 1839.2627872533096
711.0879408075374 0 1825.502438850569
676.9026837961078 1 1838.7956744008955
744.617407672511 1 1824.2927075653392
703.4265669243341 0 1876.9114850225833
703.8075861877877 0 1875.3187933249458
708.0971094476191 1 1888.9716938030126
682.3091547731922 0 1898.4353777336696
667.962156571956 0 1942.4968878305513
692.9372573924195 0 1824.8783084857114
709.2946706739757 1 1895.6184737412505
749.2050545550514 1 1927.933272459458
718.5815940873782 1 1807.1310386688244
656.9933750841597 1 1925.589837805493
740.2390973348923 0 1886.7602195832012
737.7953246542104 1 1813.5964000101226
652.6507499441332 1 1937.3288749699072
693.4069514834758 1 1893.4541063234017
650.1365653964853 1 1804.6522953698932
725.6706939777258 1 1911.5131337420892
704.6519044327692 0 1997.3505539603373
660.060477467414 0 1813.3936210213503
686.6479766461107 0 1999.2339824549097
749.2570337673499 1 1854.8982803514825
713.7629143865547 1 1912.6250721577442
658.5526704898616 1 1854.9432009563423
680.675068401206 1 1926.03536315612
726.2111604435872 1 1808.6624460515445
743.3579513369324 0 1840.2520376685395
703.8043094973237 0 1868.2274558098577
657.6285444249222 1 1874.4601691997116
716.9693854075886 0 1907.7019916188074
743.0962880692342 1 1885.1267930570073
651.4989001910442 1 1807.3785231603256
686.6971910662083 0 1912.2494838790005
667.6336173997475 0 1860.930477414101
662.4246395115631 0 1977.980496705072
670.0248541505958 1 1841.837811724419
738.4681649152466 0 1997.973340890914
669.8185416379806 1 1842.732820146567
674.4801754944635 1 1801.934152225938
658.0053412587463 1 1945.1779543124412
745.8856492207688 0 1844.1076159362067
748.2445655542942 0 1804.7137983208029
654.2533576655463 0 1997.7254150848614
692.3175088827142 1 1877.3991587251064
660.5812413743688 0 1893.059238517119
677.9552947271258 1 1982.1014157411141
748.5806995095616 0 1884.1752290751044
694.7662354603967 0 1820.695756939678
712.58043590505 1 1874.6095068226261
667.8125701202475 1 1958.0919904092787
712.0929442287866 0 1806.3285084450238
727.6080710641071 1 1821.026575188915
732.1588251681511 1 1983.6285253221429
674.0253293263349 0 1995.6785065051408
701.1134618902299 0 1807.8544537674893
747.4854588207124 0 1926.6082632438695
682.9871729693987 1 1865.0556226514157
705.8304270689821 0 1881.0726674178684
707.8925178518848 1 1808.6248814626783
687.7658285639055 1 1808.0479903639202
734.8672710096647 1 1870.8579975883233
666.8583407366955 0 1962.4609521854397
663.8848181818496 0 1988.7949304245353
682.5848454092186 1 1954.2816602295966
707.7628372455625 0 1896.0222580877291
651.764593550154 1 1961.2273154865663
742.5889998990566 1 1902.5906522325142
733.1474393226692 1 1921.5453085802253
713.7762075745075 0 1919.5113074478975
732.692921345074 0 1874.8922991128973
713.6111668996266 1 1878.6126922198428
678.7539477567151 0 1941.0842415263362
746.4233842022107 1 1830.6653559118931
652.7905750616103 1 1814.632594617839
683.4946630257753 0 1967.6758216353742
692.4959129873226 0 1855.263237927193
671.1749642507881 1 1850.0684129664114
672.9913629257946 0 1982.7404632214304
701.6024152649574 1 1888.8769318935995
661.817339803527 0 1829.8246282789278
677.415010210172 1 1943.9129589404492
688.2071674297894 1 1909.6434938129778
717.5815961996107 0 1886.4865149893594
664.2796036457177 1 1895.9002091537234
702.1843140517125 0 1928.5317030935644
687.8881026984142 0 1998.7996536708533
721.511803333351 1 1805.1643973956363
711.6794562344405 0 1929.5126757144906
663.0089239638537 0 1845.316020869077
656.665904443963 1 1921.7919386938586
680.8473010211602 0 1992.6385138164296
660.3335024810527 0 1803.1859506681299
655.9510255224548 1 1842.2453072888786
749.0190350532605 0 1801.710004222668
713.8987839801296 1 1938.9695678410906
741.7669927926886 1 1934.001826206971
736.6858907205656 1 1893.674042380139
692.7334734781572 1 1918.1773088666428
677.8554060272777 0 1917.781750717774
730.8527625275015 0 1806.6784734309658
716.8413842738726 0 1819.9867687705123
686.6166272795389 1 1984.5640709603535
703.339472417014 0 1890.0364342562466
663.6823121028572 0 1997.113818823822
684.3398112138714 0 1872.5357781176006
717.0948899420748 0 1967.2286597122977
708.6437473692639 0 1921.7963303932445
660.416468366738 1 1988.4131417857855
697.4925799872115 1 1857.7488905651333
696.1963410205045 0 1986.5010675021736
729.107788789063 0 1862.2446115011617
706.4300280765622 1 1929.5626173941012
658.6321113702005 0 1936.332739096121
744.5608773850429 1 1933.6361960685326
698.5138499045622 0 1939.4486202252165
736.8635851951815 0 1816.1453721588193
680.6263978777597 1 1939.388669619515
690.2439163798032 0 1890.0194155148001
680.7769961933725 1 1839.7959364542805
735.3820157964947 0 1856.1428675703648
733.0505255030093 0 1906.4894710221267
745.7192485590529 0 1926.3828872841225
738.1221960750659 0 1936.9980949056994
653.9073932026621 0 1843.691496851156
660.609131512426 0 1937.2530282728694
674.7075258382114 1 1852.2123626942835
743.478738932922 1 1822.9933414575198
729.499176545471 1 1863.6999287917483
682.7147108288492 1 1807.577039265422
709.2736649136522 0 1969.9962031515333
710.938452838031 1 1920.7939144155562
723.976100802095 0 1999.6818758293284
743.2808913070307 1 1904.1696695173612
687.2201353807737 0 1835.795513153942
674.4824307153526 1 1970.45875330229
703.5666513050032 1 1991.0497343141108
728.1021408603317 0 1807.0124114046803
694.5675719776129 0 1969.9573101816925
653.4536303469675 1 1902.4951958116435
679.173058406673 1 1960.6573432518721
706.9818589682993 1 1917.8575321894702
737.294988108675 1 1883.0494641699008
671.9305235400809 1 1936.2760988801165
660.6154407511214 1 1887.0821735460856
731.1072789789785 0 1859.7843450532466
654.0743844403167 1 1972.4298462311037
744.4402040136993 1 1807.3525087335515
701.3915085740781 0 1842.5263215494226
684.6092541691845 1 1931.5810285897462
708.9471417701034 1 1921.3096858817094
653.8501080274576 1 1907.7960859005543
652.5995305135385 0 1921.8596826661023
650.4151590433002 1 1879.4494474850264
692.098494336175 0 1864.9295160293523
737.1575835240342 0 1918.2184780258003
697.9001910745246 1 1988.6367905863594
736.5568825466178 0 1880.1303859574875
738.1747304808875 1 1962.6054287318036
660.4155842825547 0 1900.4952117593402
735.9320031682328 1 1965.7602962099475
692.5063993278796 1 1927.9199925926375
710.0839177828335 1 1861.4959681415803
704.3461935431964 0 1867.860132584719
708.8593866978703 0 1848.869138280322
722.1173421430018 1 1873.7335975027609
653.4903137952983 0 1998.0197722329956
665.3664711204285 1 1883.9612839483598
668.2124110842308 0 1926.4583007919284
660.7286700432707 0 1982.9460626444677
708.3550758566853 0 1950.200167086896
652.165229289601 1 1954.0308905624083
689.3614037227361 0 1902.4167789890673
698.737276576208 1 1948.221633040633
725.0018946128978 1 1820.6732078625048
725.6910672833019 0 1810.358633726529
731.7130541677875 1 1962.2357167797222
722.1905234903561 1 1948.644193188194
730.8888407841628 0 1902.2207766751526
708.7687577270636 1 1812.9577897986621
676.6528026063677 1 1877.3954007508812
689.2807865329609 0 1892.1313604218724
714.5430254970496 1 1939.2489104780536
703.1766815853686 1 1889.2324544311332
666.4965751734912 1 1882.4838978553648
657.0304645325333 1 1839.580758108243
702.1734251431119 0 1866.1155305650211
737.0007167123208 0 1828.6235958915215
714.4624889025756 0 1973.6174985612843
681.0329387577657 0 1817.820966419494
710.0428842451182 1 1890.8412511809188
703.3034246496669 1 1923.2153325423908
741.940913853658 1 1876.1593346998397
690.8505142733576 1 1852.9464285596016
688.5853912632549 0 1947.8905230578894
670.3277443005552 1 1873.953710671567
694.014796403627 0 1925.2196082466521
724.8707902728926 1 1864.8460197922852
711.3997082016302 1 1892.6148910635127
740.2367302891187 1 1957.5522846712772
706.2854395645073 1 1857.3387352184743
683.9447213654407 0 1807.7522338433405
653.375663069227 0 1936.860312933376
671.6041555105222 1 1863.889813404304
666.9160276828179 0 1945.8460281106782
735.0317352777535 0 1800.5204911547435
701.9062767852532 0 1967.6601688912542
650.754728163209 0 1914.79094024822
748.6889274509708 0 1932.0594407197223
654.9746135343175 1 1932.9072980340793
738.6540865334421 0 1820.0841613126343
737.5410320938034 0 1982.964418781113
723.2087089014148 1 1815.5415097179248
746.0047739635003 0 1841.9833838569198
697.0568525799755 1 1865.778970986992
692.7983664895947 0 1832.0688390120251
692.1666905262068 0 1941.5845253932546
669.4284675290168 1 1949.7170784801233
713.4929273731943 0 1947.6766814831035
