716.168446765022
747.6065593250187
678.5514239075534
736.368734458529
745.512820945688
692.447810173894
657.1262349385163
725.5246944227051
684.3241429479824
728.903521944248
699.9038365516856
653.6731120344288
671.1265222326709
704.5163636407281
693.1440918008722
732.099532400774
678.8442114850662
689.3342491949746
712.0612101890567
725.0174967404264
705.1949716903315
709.7317810628923
672.1964568323066
671.3797149968144
657.0589312101815
718.0457673440952
690.4072765540732
738.296026100065
659.8227015971173
704.0564917606282
743.023392517062
655.1316080698986
697.7919056923392
701.8437168258262
699.559313854253
665.6130832757199
668.967807514319
689.6847034237733
721.056820813903
654.4135899684923
732.9430500186805
708.5634647878759
687.5021877319685
728.0316352529932
723.6512806902977
654.7107191413189
691.2651335171349
660.8425773824866
670.1859511051889
655.4316077633292
748.8638706718286
717.5053224955341
663.6156036525788
727.2067841488775
705.3737731392035
657.4433578858857
667.1654939662459
699.4305097315417
664.8423728342129
749.6275603097483
741.5229968112342
742.3146034432258
725.0819066101194
725.2472750825486
654.820418483917
710.6525614817666
697.6888258567932
707.6125493581549
677.2591704874757
689.0133196931882
684.5025277160851
735.9002463337794
711.0377442041753
683.2960675922208
679.2955125712738
735.9063446129063
659.4683925311832
716.9677658354899
686.2791910023166
727.8935290099255
685.0215115897166
682.1365889403949
693.8041532208786
725.0912499464988
686.0918504893207
700.6160147247724
700.5184264437469
746.265969771334
733.6830803984807
679.1087627917896
684.6341682217922
656.8198617516
704.7438124613035
676.2646624941312
697.0592563811443
722.7127750805867
663.7617487991641
748.5393692489849
676.2168847135521
674.8619243283649
696.9006502661017
742.8027430390595
713.6393525414217
680.88892636168
682.8347622481924
728.0266487579289
671.0814099678802
723.7506364685765
699.8686811896672
654.7814039837975
735.3128508380757
749.0958617495809
676.8528828023244
651.7113725139102
709.8738984690902
730.1215893925121
716.2523637417196
659.8536772059525
733.929388038586
744.298330009752
720.0570307419131
678.2888081879369
651.8807906575239
704.9974127571155
678.9788506088053
695.1846140202425
700.5882672181115
697.8897189625279
692.5057600318501
707.0206960732058
659.0491167445084
724.9500774371141
748.4504546007535
651.4212475417867
689.9206573672095
654.8061115925714
700.4141397305387
713.1397461861818
679.8151112752023
719.6966929056787
666.1280042395988
657.7633562763259
687.3757954117743
727.3377194852417
731.2798337667366
726.9248248357658
728.2143496916179
701.3335209371758
735.2154460419031
667.5569513776088
695.3133276817964
714.5429193677573
709.9264938198583
651.4302678184939
717.8347539412196
749.239704850057
655.8748923204245
714.7646024040426
741.2597468164147
653.9081817216615
685.73160605507
738.5586319090067
749.5057808555196
736.4978525273906
720.1913074251096
727.3851682466805
709.7520775964912
728.8877982459888
703.899607114161
653.666623132466
715.4043388055771
686.7480977563458
658.5899839973468
653.9125204573875
673.6136876277726
692.5300094215752
692.2957044770452
718.4357636586572
726.5111195808254
689.3157407023726
681.382592321536
667.4145496799588
731.3351304604132
713.4014191644134
735.8610515282423
686.6246643925884
708.6221393201323
658.5306456375818
683.7084560812394
721.3726629633958
650.1722216750743
696.2515975121534
678.4372634426138
680.5043127815251
657.7722224641785
749.4039273564736
722.9787969490013
666.8878728368016
714.3264794965207
664.4262530984246
679.9575554049172
719.8937863200756
658.1476232133778
673.1358048827675
689.6208384647703
683.2793913689238
738.9206758437786
659.1203419389129
735.0462549820921
668.2121761088625
694.2122345673456
742.8753559834082
660.9524533785419
707.0057342784536
697.9061556203742
710.1570127907959
685.5107885320537
729.5984536335152
749.9442505011931
702.8673672090059
691.3788525557533
693.2196377452563
690.6951716315813
668.5530923976384
688.8591846847227
727.8272440253756
736.0061816709306
700.2287704745056
677.293059528864
688.2768704196753
696.5776924573914
731.6764896307992
716.5348282643174
658.2265222110351
693.0407255029627
699.7757556036148
719.1921086975293
682.8612913781005
671.0198964059111
698.7387290877648
721.4916449298744
733.8679981813027
660.4842973948362
685.611918358815
659.5313353697406
692.2963982690623
716.3888787346788
717.682403223343
659.0173773696547
726.7122607736663
739.8577338493054
743.5394687531325
719.5640964759913
701.5865314129973
712.3780085586156
725.8287539439257
725.7874024543892
740.927071065514
651.9671345054202
728.1628576366485
737.4291478233715
664.5000950282786
736.9597436644577
689.0685693258415
694.5584631592716
700.4413683107446
707.6877105185046
704.4415561853158
688.08160317184
656.0913625496318
748.7609461979348
713.839565227886
661.5684153557318
739.3643034827306
688.2737234965946
655.7347664003083
714.3256211051234
726.0255022138995
749.2201435510253
744.4734247179912
711.6336092547405
685.8338460787278
654.7910178699866
711.9174056508556
741.9729078211839
715.7532239290389
731.4871559785643
703.9856145781192
721.1498112432398
711.9879402799255
746.7315396400388
704.5328527359422
664.777721118666
680.7543725259486
711.8632862390065
736.5917886538816
717.3049311074213
701.6689517215929
744.0061071459586
655.6674938945862
742.7794694207067
711.063905849063
665.1095505947428
690.8027309496764
746.3311233577866
737.4648924491414
722.3249269245294
667.4360438161196
699.981630851472
732.108344016458
665.5010021643388
658.5655115926038
661.509996655586
658.2148911646719
715.3631395481611
684.3417149853781
685.3558612570793
661.6754795902402
672.7462810920723
653.9940496103745
704.0261647568736
655.741138126407
676.8250966426258
693.7553148297293
734.4510287608131
696.9241289303869
740.5621873702704
707.7893988211484
715.7439770625903
697.4144132382837
727.222427855663
669.06264852197
650.203127967355
704.3403116129974
698.5136192107174
668.613592354987
748.4143341347718
669.1834994998447
669.4422662112022
678.4553090039343
716.7054678205748
676.0121193178962
733.9117983955334
714.1160669264184
664.5159595792161
653.8862542259154
663.3673976719366
660.6052039395609
690.6819613447689
680.860995862132
653.0305805103739
670.2014555831074
690.2721257291649
693.3440007432056
728.7445630868311
736.1947745852292
748.4822888000967
735.6482887332905
668.5601877604691
676.513629418195
742.032813801713
728.0782629118307
724.8916799054075
744.9309095227272
704.3165452977597
677.1310099349487
726.7028503800423
725.8444584943387
654.3152688451592
729.4471085355455
662.1039244207913
732.7379145594771
720.5093632298504
671.9879377177666
655.4269532010866
718.783852781747
698.9805870871784
720.7471653016685
680.6747944435688
698.4533435108085
656.7800950180642
707.9487177224845
668.0007386206554
687.9147289213136
659.5602364398412
692.8936416756725
727.1522697687503
741.205803836109
747.3439044056898
664.842453676682
684.0569703877715
699.86131322038
713.4917657777504
663.3422755979499
671.8579299675226
653.2261570304435
727.000390855076
734.5798688958445
685.0190169404835
709.3680950742826
716.3892296650083
706.0455221045008
661.529364581442
706.6839987139659
675.5296530138074
731.075034269027
736.1314478135581
651.9828740378118
718.6525326865643
657.8444742456662
697.5038616435039
669.2886132472581
720.4467296628741
721.7532042116546
736.9754670815693
664.2885461133245
725.1308136874217
749.2165446279197
673.4014401406668
734.6959854788278
668.8306508747175
659.1784520158182
733.7210867998959
739.667801232965
683.7899914398135
737.6333194281854
739.6895885723427
662.6699218628812
701.4041244691409
715.7805164628439
659.5434020825021
651.5612820479533
679.8202088949548
657.3245005304859
719.1765586910179
652.6722360357186
707.5572606718478
734.5853591387499
708.8602972346496
714.4368087729441
671.6682084795591
706.6718058576474
675.9877360502345
701.7666964570108
728.7472921957129
678.5849571318903
707.3965769296211
663.2652012506579
696.4472512499502
682.1581997509505
732.4716697145274
731.1682684660997
749.7363293584182
657.4462832829756
692.4324306373593
668.8116994741016
684.6869003866478
736.1093824671754
699.3409338536851
729.6915301577478
705.0971351277082
710.8972464444778
666.3081626909981
674.8462731656005
675.3045023333898
669.1312335272929
715.4733338060762
708.6679048201377
738.7239736876653
739.1405528113901
724.785143424936
749.2648620897176
675.6397754665951
674.9293903435698
729.9833918941873
738.7293654470574
731.3466697968009
671.4564768749692
670.8789507762563
676.9310238443447
683.2664682230928
669.2271761379117
658.0379929873534
688.4043640075358
732.0362331235285
650.8550155337454
737.5919101199873
749.2832616990967
747.7626437954993
705.0563234407115
744.2599952847853
670.6668758946879
724.7137359979503
747.3157161606956
735.5075925411305
702.5008824695869
725.0292068169538
683.0825183897625
693.2082856443795
691.3733026391727
712.2287101034567
668.2031868163772
715.877677197387
746.8118724899274
713.9200754835559
722.5996962270505
722.8371285378602
722.3485562518641
699.8387497534687
706.2426749306177
710.6337871935282
702.6553267822542
699.4096387422826
735.6786742221126
682.8034334820996
679.0476025960877
680.8513347798146
717.335893134533
673.3046544753032
699.4569313404385
669.652272871019
720.618049063789
684.9846209467235
716.1660612592677
712.9280508381521
700.366911226597
698.6853351654819
662.0670610348224
653.745474089831
691.4761871947961
654.2000495842846
706.6384153288507
749.2659432961262
700.3340514230534
711.7868985750545
744.2814630062037
709.1909942987139
732.9558564065406
709.9128664420276
655.5086598796428
734.7818278935799
700.6068415696983
730.4550008005124
679.7133837588368
745.0807911435992
691.0131044152004
680.9592761035346
678.430587116716
738.8233124579953
659.6389128710967
662.257073287919
658.6914426785373
734.4849255852711
687.8806453387873
724.55168653331
677.7474827507218
675.2489274844493
718.487805490416
672.3920331385682
692.7555399445534
661.7869526328412
688.9014509995301
669.3634393229268
690.8487876975115
681.9701573442624
689.5749681606486
714.6024147908541
696.2096647660397
725.4861992600822
733.598897829113
732.422594581563
747.5805687260886
724.5582132933183
699.989610919465
669.0940481583451
683.9237735435153
654.753639362302
749.6483643170342
746.1000864868892
662.3857322376567
725.5732666956605
732.7256680797318
744.7371461136154
691.520481204395
714.036880318808
748.3851913473778
729.2769475678475
746.5260959255115
728.7969373609204
682.4208853359237
694.0674410884915
746.7837013519884
650.9111441938314
698.5330738969001
674.3842256676452
747.7194242981013
711.1270832738282
693.1894046510232
730.0681477355981
749.9836104042137
731.4398512403527
720.664365019304
664.8162887423133
688.0224798531351
729.6512275087625
685.563291008714
688.360964472889
713.1008221705899
729.3298267869429
722.2799103067296
663.2638332235271
730.1387916191086
674.8076313187795
740.1543658541311
719.1930415979156
748.8122085192672
748.9052954184226
739.4483700083402
729.9116689865166
739.4646406541023
729.4648879713902
704.2288523571802
654.197123409037
683.9414439938276
707.7175761977234
678.1930424692606
704.7386203955906
656.962449194296
665.6939938806197
733.3337022637943
729.2527884613424
698.0627468077424
672.1750672391106
682.7508469927808
705.139717384666
665.0050017052852
700.1848416996439
680.6820235018779
738.184610074201
672.7547133687144
708.2740771944319
729.8487699529513
675.6808725879425
746.1282330197665
708.4117786697991
740.5309295915629
694.8657359743809
736.9307548944249
684.1853130582513
715.3399037349193
656.918243455618
671.1041385546923
748.6466945852956
651.2762509576813
714.7997616713524
651.6836453404204
705.828825275992
655.5074557279173
650.3600848524674
662.1239607956088
675.9751991670212
651.9622928023163
748.8425981791117
724.6285107518743
709.5364956567173
650.2229385553306
738.8129510647342
713.8795666120785
664.7347939957926
695.5428637834788
704.472311197675
656.1140621945942
663.260736417154
666.5611968715244
709.8519750656371
672.0453510003663
655.5255713191789
658.0126980731768
711.3524158167411
654.7901123660196
700.3207445780992
702.7956174617012
656.491264838904
675.2671041703218
739.0550753342407
713.0464104619266
745.4948217975194
708.0554362148289
666.216585922012
742.3466980915093
745.4777030087685
670.5320951548636
747.4453651935556
705.4366876403906
736.5928225083653
741.3480380472945
689.9831979293613
704.1381605155602
712.1480939942771
734.105616607723
719.9153458874498
748.247650034711
749.4044549175137
719.4328108561742
720.7666343827466
701.1890585729934
744.8651264866629
711.2730513434014
679.7978254827498
741.0805635173457
712.5629271037819
677.9037623954289
686.2349198806462
659.7715382465339
676.2561514886617
748.3480319446605
666.0043966716556
660.8957478946022
685.0660495759411
691.0124854156376
701.2717259058253
708.5293981239574
672.3387600201494
676.5169617703829
687.9096632287486
664.8430279544882
715.1283542592842
725.8785401363472
705.7383287977239
661.0254015865551
696.2994752095273
701.7858150373823
673.8669372241884
696.5405600845463
731.7787630381832
742.6715563474861
730.8912131842462
671.0612471258883
727.8987136518723
713.7030981819485
698.9656963125361
651.3624530170966
734.1783522569191
722.8702341187179
657.7024880142275
702.3303741998064
696.9636253961245
700.9518179624522
681.0182402865114
704.2195227832536
683.019146588264
656.6586661817748
708.3975968854596
663.8671056533099
653.4947754956282
655.1505890494097
706.6169610045433
724.7916087279041
676.1090626205076
705.5610306053734
687.7587224655075
714.5948366272012
720.7593283047919
687.4126223372779
697.0751187924692
666.7585940931422
670.332170154959
694.2246891334996
724.1614738341357
659.2943756154808
726.6798393552408
745.0371713638806
671.0881397051654
714.756258667152
693.2437113815238
672.2904411596223
704.0223124796332
701.7760115953467
699.1905086909653
667.3373452471048
681.7110243538589
656.6301759751451
671.7877814290289
734.9926467112862
744.4272602107285
708.2827971634765
714.4693500644984
733.6593283238591
726.755911408992
698.4455220690301
743.918807640917
725.4317000689971
696.0001748363908
678.1813123668724
690.152952175774
723.0125894425616
726.1281056537503
653.664054966187
746.3945855295278
731.1730194375842
692.2869768556264
730.6466992419796
721.2082970698693
678.5352900365957
730.7367811782356
665.1939026252365
704.9840257001972
734.2050220589257
726.0788079629688
733.1242747038668
665.4761465627436
684.6543337023757
708.153546021542
733.212435668288
714.6184346087169
651.1754745090843
688.0215639970891
727.426996329498
736.4848099879054
714.5718405265288
725.1322186844924
709.0008859719585
722.0988963136662
700.1485357156832
747.9599519011431
678.8012725350751
746.882292879136
659.4133852698146
696.4493381023492
747.6129673141696
748.8901036487614
675.9180841257102
706.797070179567
668.9971968201584
728.2874236174974
700.0715347438112
718.920922967872
721.9170791101831
677.1327665150003
748.1945191854363
693.6296092522568
685.8454032876085
656.6484755637059
654.4554411462558
719.3979733307523
730.7697863706501
678.881233847426
719.4453421408004
696.9595813999287
710.20245259994
710.2879069379414
660.7823512337204
660.8822710446933
708.1119804479206
709.787291809085
697.3425123347575
682.9502024991975
677.8425258301598
728.9798941690887
690.3438688179294
711.2938925369454
740.7190389557597
705.0045032879877
713.291733770604
658.4467961533836
679.241048179954
733.4789921470309
696.2001822892776
668.2546275229512
722.6553237132147
657.2931792123372
692.2693549710164
678.3571431815706
671.7867016406057
701.7127941856179
728.4826379746164
663.1415939137656
680.4320803701746
706.9536285651462
663.0855295482014
749.5172847148035
671.0153568234055
705.5640069778381
665.3314636002222
737.6710205924603
653.5492871622935
701.189916107922
697.4929572516435
679.3701429723649
735.1168162094366
672.7734393095294
748.821735026044
734.826172350252
715.8151286590629
738.3067959292644
749.4154320169513
691.4494364941471
702.4840238821218
713.2634440522958
666.4010529278781
718.0860719963785
717.8256622171797
658.7451923456596
675.8718771346714
749.3539605394719
686.4867695964249
718.0397563977685
678.1499849831897
713.7195267176356
732.4466243498555
659.8115001271774
726.873034721351
712.5591894314324
699.3532244933734
713.5655178091249
675.4899152143166
719.7677738305827
672.9343776444466
721.9035826828979
740.5219576848563
734.4425782798345
723.6183197768607
737.5618018432735
706.2506602303928
707.0320441699479
673.9809877023929
734.6919563604824
714.9060803408026
749.7076529412948
743.6233653619944
697.5446856146052
688.6506868616373
703.7951771255637
655.6020696205219
693.8183710966317
652.2743855155876
692.6376411137146
693.78064536308
655.9842943014218
721.4292563222428
663.6152193708338
692.1244784589359
715.1633408645085
660.3765330306586
741.017018949609
716.2233265370634
657.1115696871868
724.6850952135736
707.9209299175914
668.1100003043704
675.0199979468626
697.071265029209
731.9561518678299
671.6709100506778
663.1905477145883
656.7928629089452
739.0860628280166
747.6223218636997
685.4798010840068
669.4222375192255
709.3572835692108
748.7616030775298
746.7978613492362
681.3304298261755
721.049553260855
744.8828043673925
728.988842193215
672.2285380464838
662.3100501847808
675.3456036767059
682.0713327567772
672.6839633858696
671.121693917011
659.1438532726022
671.8607375120029
660.4803851037001
682.8831817895415
650.5915890889762
655.8582252425633
709.6464741423686
678.9679492775582
728.292929494893
707.1750307846056
715.4473771694605
709.9863624242886
694.1944481022829
657.7563490401975
714.6180681084861
712.8184548383159
734.6472362056754
670.5824303579284
707.943457545478
703.7804271825748
690.8614303762088
715.0218933853607
704.3672934099272
694.6066146173588
701.0403809426721
672.7755698528025
719.1014935331333
652.6210663985113
715.5507277219681
658.9795522572441
704.3468906109475
696.9116497467352
718.1116233248675
673.8633665505993
660.8877524864754
672.8988701304515
714.220544713603
668.4708179643621
661.2730332206346
674.8406686322071
720.2866583639599
737.8687655460058
653.6877088592969
709.1988149124533
680.5263213971818
701.6100393934571
727.0194779382834
697.8529843618277
735.5835193026592
724.2402938509852
663.7562675384166
671.2332871959524
651.9163137608052
714.4783337147624
665.2217407308385
657.5907075310078
670.4249730427848
655.5411181790971
697.6513865378013
737.6151513281297
728.9396276043163
710.9674689144416
739.1895186024778
670.2452362332475
660.1802042936772
742.25293064527
671.6774669778963
716.1699992511084
748.0023281464275
682.8183839720449
657.3297835166998
698.7548260037529
713.365899406325
685.6130558605157
666.9527689097381
693.9409846080434
691.2791378346495
749.3355206046067
670.3035874817662
693.7923623781666
651.3942087561119
729.9226025443126
697.201388168682
651.2185794171494
683.5511263835855
734.2724570197879
739.173379164079
659.4219012845751
685.7458127252766
669.3170171953014
691.5923461095641
733.0087123879222
749.3821369992352
708.1003737217594
695.5111566262996
670.1632244610372
725.8523303448817
704.9736807846061
697.7687188596724
679.3567127787685
722.9096709372718
650.0673070519662
711.738990104912
653.8857585354491
689.9898939322862
684.6837390513031
744.3530247929789
727.6594284744671
661.9897633217912
669.5054706527444
658.7797194299818
715.894976641898
651.6389013169573
667.142110132773
743.3669850328827
668.8311958721401
715.6531570755201
672.3519312692779
709.3465449213744
705.5749048754898
651.4266389999184
740.9823438530133
748.5312313342849
748.8820674668304
686.1676196761852
652.6135401647178
746.6515807450228
710.3636094762163
700.7286024687995
715.3795134526767
748.2420219785923
660.4275527245118
730.1575210728081
726.8091235223385
698.9949194345155
736.3719802687644
703.870717371537
704.6734071471708
655.1728821255155
655.80010164338
677.6353912846291
722.6228426748578
665.1336692424763
696.0624096204552
666.3113956866541
699.2042645711933
657.8389062922241
707.5297150693632
719.5446683874648
721.916866680795
680.4157271110109
716.795091448199
679.4221537252149
670.9342412451713
674.6887061020861
718.6345900204849
716.8028085771406
682.5777469979507
740.6071680552434
691.3199126087347
659.6832620476321
706.7458473712977
692.9567276601379
688.9550692868708
721.6403757151137
706.8992206732577
741.5012137847486
683.6229771627636
698.2819711770553
706.9769251909927
739.7557158398579
705.2927177685459
712.4336987878254
714.6215406554788
671.1118324605836
678.3119002372773
734.6334280312416
685.5713720376483
721.6337585079223
686.209224503972
668.9723335313234
740.1610353544356
721.6431861533323
669.9700551296353
727.9932836935501
686.6631809773354
696.7011373080588
677.0662660899659
691.6965898691474
738.1152724107965
680.5728438018906
712.4122907227645
717.6560444286606
666.7139354282889
711.3669926631409
713.1126672184115
729.9063753189907
674.3424705217028
684.7603205229956
673.250239121763
657.6627587830114
668.3492836629262
745.9676172477915
716.5243510798274
686.3908459712482
745.5522438681483
727.298744461219
677.2998193010903
682.453017177228
699.8230451715355
676.3423247400144
712.1064897675118
712.0806526102901
678.0863504288325
704.933355898657
705.7815806008566
714.0984305741932
713.7831147177577
711.9544779860089
676.0773702888097
664.6687028696315
742.3807048407996
659.1492634836554
682.6431124798735
662.0072099861787
713.0500842534693
725.0753433497348
704.8864017050705
674.0504118420877
740.1605032526684
735.783113254244
677.0716552386511
711.5924376314781
736.9854507014957
708.1647040681175
719.1897452278108
680.9713803083748
711.4419463428278
736.4168290472276
730.5635472450094
666.2475146169813
706.3389861754888
656.5197153884216
707.1548648432498
656.151864066519
720.7696570021392
734.9847449766254
679.5426363288175
712.0359649640395
671.5051019141971
658.5432596892307
688.6476280093582
740.9596635536689
712.3093571311937
675.3291100069499
658.711409740625
722.0000507485387
658.6999423631771
707.8793791785639
703.4705526367973
747.1875784963486
665.9646354299957
729.2984981528479
676.7575926248132
713.3941044265378
739.0872213286633
678.2428217886503
731.1583889462689
693.1651109252335
706.8253500394966
664.9001682314863
674.140370617271
705.4364152994942
720.9691051042231
664.2445517100476
748.2828501819729
695.3552617536461
686.4417297312955
721.5443779115637
730.8385906507012
736.7745570781374
663.4291834102943
709.8795764272998
734.5042738348004
720.3060675109051
680.2321420826339
687.6152253787819
680.6009061409864
702.0837474174231
666.6823376992814
725.0859131044157
657.4634802321516
650.6295997585266
668.3428780104038
747.2778469448072
735.681713043702
669.2155804608169
741.9695356961807
692.4036013723882
692.3210425076145
668.0674589889928
703.0813850109715
712.2394703945403
710.0690299718436
727.9385156881929
711.2420529644137
666.7574035533063
684.5346476084551
723.436730490487
711.6667821895041
726.6112068616809
701.7162118336098
663.9235955552961
688.7942922240406
736.401602790262
700.7592206370707
722.1610934671938
682.5503703438842
668.1858906249819
746.9069529535755
731.1260683364811
714.3794132780356
680.7962108812944
725.0838556151372
659.2976682016024
705.2671455746861
699.2778388791
747.6293439033901
680.3488789485747
668.0849983475613
653.8945837620643
741.1238279418602
667.8226558717297
699.1696769283789
694.6649427410213
714.7352744068571
702.148347783007
653.2451160904889
714.5966817553309
703.7883740097284
666.5970216101246
706.8390675838538
749.7451267910872
700.5489586603478
726.4825911301889
697.9638798221914
745.6677669897925
670.4660076229377
734.172320674369
741.7312131912621
749.3452384463039
742.004846636368
675.1524593786272
652.0397007266582
686.3207724342174
687.012284924488
744.8970328651438
674.0995935496328
746.2954408804311
653.9681835836723
659.9632815246955
652.4861923653556
700.2599305540652
687.6735446917493
673.3885403643787
664.8247174153541
670.7382947144671
681.225378324568
681.3782402080687
673.9550297616742
666.5034871576534
704.3025972228013
686.1896424667664
730.4278276998842
681.2078230256936
683.91894864376
660.9587024330895
679.2835144301035
691.6784058473822
674.6581773301442
747.1965280977672
684.7461433349956
669.1699358078564
650.0136779218558
724.6382072960571
660.5746054674255
653.1418391763119
712.4345750135396
706.6647477145086
681.5872704668435
705.5949187514764
660.002411944548
743.7732668276486
670.896660381078
678.3761555688882
719.7425010229493
711.8632546300171
688.6253522772246
714.7830748041822
733.7498332867352
678.8901895210305
743.6779054619601
660.8341022946872
701.5295954887406
688.7334277001854
745.9487181491619
701.5819499785201
668.3459584348942
717.6182641268459
718.6798474681983
693.8715949793296
668.5260622202286
712.7343440919088
691.4432009844604
656.7839301283351
748.6328324071001
696.4465287028197
667.4640334558993
694.8290458185569
673.6164026934991
746.6152153848819
658.7171651372622
679.0358106076573
678.1519587319797
696.9333748792945
736.9647585724598
672.6281298435796
744.8670801869687
663.030823758611
747.9097109331586
694.275013160951
716.4267803681488
663.6799852034047
679.7647263616144
693.3716253035702
658.8625444909327
705.1606118413738
672.802115042476
706.087005590674
665.8177254084025
657.6539628519358
674.3240631493527
740.206778027873
662.973441950273
734.2183027491559
657.3554595308574
693.8114745274153
695.382821190937
678.6314576643805
736.6032187596808
662.4938171952537
699.0492659864951
663.2319324784362
691.2160986891937
660.121231487672
695.0938082105266
702.1038748632383
657.9155573404516
688.4376343842519
695.4553283698501
744.5035746114879
694.0115607185584
681.1435557729575
742.1003301681482
667.9583131347775
721.3430497468947
695.8942021457508
717.8499291911597
712.259224864619
674.5565790578881
654.2687185718876
725.8905482786155
711.8894809126984
742.1460919490632
708.8012433858892
684.740914502709
650.5176504467458
678.8127326119815
652.3572670090392
725.7177839231778
689.07547615717
656.9600743786915
672.8006733388488
658.9158060631539
733.7935289868342
738.6786441743328
693.5306963013882
734.9075197393785
737.5051195864274
717.3605695808046
719.5379765538544
676.1259845160779
708.432988415232
683.8730489822309
722.8016540077846
723.0190931643046
735.9922926555565
741.0350513888002
724.6052300121186
748.5093168174235
654.0438408548307
734.6708598525727
710.3360633307691
688.8169276258797
655.6708860108223
666.0864337467734
708.997208208634
713.5550160017599
656.5165425356619
673.2729301718224
691.5935277397828
733.3559201353012
696.5261201273105
747.1222042707547
708.9089418470819
677.67102401358
675.2167784816661
659.7981695970375
682.7268333470168
723.7653881611487
685.100604458093
684.2430613231302
743.5003238138253
725.0502640297117
672.2965909939069
702.0883923045656
659.2274743816254
