669.7253295621754 0
667.627827549222 0
688.4795619717186 1
670.6422538133456 1
681.3734722475594 1
663.2841532966812 0
731.4356697068524 1
716.3115084792131 1
723.2603828937731 1
724.01068738227 0
694.3897942433584 0
692.9139980821541 1
722.4447286541259 1
741.6296190063736 1
740.3087927613508 1
739.7963251669802 0
734.3673551769004 1
666.2406268117504 0
669.635982706654 0
722.8666173813715 1
694.8379765625132 1
681.3041611034647 0
660.2478546232634 0
676.1673857562573 0
652.5377893213633 0
734.049671488501 0
743.5773218132115 1
719.2601203258652 1
729.9945057724891 1
677.9840335901752 1
707.0850235892841 1
705.0405670534906 0
732.2854944340656 0
732.1071173778234 1
663.838027251163 1
738.5014336325804 0
657.5426086303794 1
713.9765785714362 1
659.0857183187068 1
727.0547433013188 0
745.5244980273526 1
654.2859170499701 0
676.9428512284358 0
739.0593634145948 1
702.6496664229211 0
730.7087107439795 0
707.0599579577752 1
719.4885081606003 0
679.7625121367796 0
696.0381270201123 0
667.9517464777409 0
678.7410355746439 1
657.6002394514784 0
715.3923798902505 1
710.7654000275916 1
652.9301758674819 0
702.6025570903278 0
741.1096300606988 0
710.0546766829491 0
731.5058925728549 1
660.3751313286787 0
713.082713937798 1
720.97656414072 1
672.5450376973067 0
744.1325431000939 1
670.2518124212023 0
735.6866246628232 1
678.1601043707046 1
693.1026428731009 0
737.1720810317341 1
726.0273350531339 0
725.1833811046497 1
740.2691499894834 0
728.2889635724615 1
654.1593314523799 1
659.7142721807462 0
685.2557800193118 0
703.786743306749 0
748.9094787899511 1
735.6528723909449 0
673.2221064216619 1
700.5442669982269 0
721.7131425865811 0
710.0713659829385 0
747.4352308287935 1
730.0647361128946 0
653.3229075704144 0
713.76771189527 0
657.3165371484359 0
664.7737979335122 1
743.0360584718783 1
748.5054946236048 1
730.3642898827954 0
702.3975816947388 0
686.9147227688474 1
678.0133503997174 0
726.6008611479953 1
708.9741014104559 0
679.3399332618441 0
740.8370992904485 1
721.2772778482962 0
651.7010582128821 1
708.6250638067505 1
684.6558313011984 0
712.1564079627192 1
682.0049508791726 0
748.30020591668 0
689.7052259105207 1
742.8194561783794 1
692.6483682354761 1
654.1767741286188 1
726.4926734910531 1
703.5380182927203 0
661.542664675175 0
717.8914851359611 1
717.4832178743814 1
657.3840974902108 1
654.5605424989953 0
659.7219426141256 1
746.6739137819633 0
685.6701817276559 0
663.5619061032627 1
730.4639467209453 0
742.5003829083555 0
673.3407896312638 1
678.1270262089115 0
728.0512119777438 0
719.1546237597173 0
678.8815559734014 0
705.6628519578547 1
679.0812254455881 1
716.2866964326527 0
737.9930662308527 1
716.7705466254837 1
689.839385934756 0
715.7202344702615 1
659.5064057247088 0
739.1943794224557 1
748.9268660551829 0
719.5787816401455 1
743.2789550771437 0
731.6847335528411 1
715.829790003541 0
674.0161894036586 1
661.7488319790699 1
702.5911377336246 1
680.1759809708476 1
697.0274868363152 1
683.9807416152435 1
742.8439690477652 1
675.351663618525 1
730.7854423874332 0
687.1487068341107 0
729.3072507308732 0
710.2512783617459 0
704.8194247311378 1
730.5537752420536 0
740.6658352735778 0
748.8265629116066 0
677.975237552511 1
735.6744385005557 0
732.1542105306276 0
720.945062244787 1
657.4808326386435 0
744.1688203642107 1
674.1617946048567 1
723.5068286579912 1
678.7400284843429 1
722.4838054531242 1
737.4149842012988 1
679.0466006387472 0
705.8274429097986 0
714.0532757400913 0
675.0593271793613 1
717.0710294038628 0
705.1552637362021 1
682.4974583758726 1
705.9620254505504 1
740.5985655124173 0
727.0641313322571 1
746.9268786678142 0
723.3750475288512 0
719.5717653344627 1
736.7337067368011 1
664.8148494410455 1
727.8432757880844 1
665.8220215116121 0
739.1551570153985 0
748.1542666053645 1
671.8572234075752 0
690.259342418069 0
690.2310558422677 1
714.6353129559814 0
663.9515468494568 0
691.0192526509013 1
709.2767522204173 0
713.8731068627792 1
723.0724999703873 1
682.6398868869788 1
717.3804320252466 0
714.9373771559102 1
716.1047149296619 1
695.9560970709888 0
680.8139108352498 0
660.2603569581612 1
727.6297978426452 1
691.3401727018446 1
719.9746405601481 0
734.7980830642186 0
650.4973145080876 1
713.3600312637764 0
668.1827255403582 1
666.0122731898138 0
706.2097410499873 1
705.0008623650178 1
676.1743290737894 0
663.3283224724479 0
723.1806267947111 0
703.4490558584166 1
725.2792507468865 1
671.396418995948 0
703.8218694865811 1
679.0310609667114 0
671.9391273120542 0
661.3926485874483 1
684.3926392233113 1
676.2557724984849 1
666.5606965749828 1
658.6385427026187 0
711.1349820411039 0
733.0987411355884 0
686.8024576205688 0
688.7765936807555 1
688.254455810312 0
663.9117147978468 1
672.291201372523 1
668.0011938270491 0
749.0891590145606 0
658.295163654088 0
749.791568489184 0
724.2751211869478 0
657.4274125827758 1
693.5276018215675 1
710.773843584904 1
675.0761340031106 1
696.6979062309716 1
726.7565695338752 1
691.1041112033486 1
687.7496820712661 1
681.7853397436415 1
662.4942399154281 0
667.576870893604 0
700.9559849419892 1
749.2371195649163 0
657.0928250120485 1
686.6422782424839 0
731.3645508146328 0
694.8533536970737 0
743.3138036659179 0
705.3783345285123 0
703.1831394645388 1
680.0737093445558 0
728.7621741804537 0
722.147807718615 1
683.5228086992951 1
733.6615574195582 0
726.9896638417949 0
726.4408958213663 1
664.3127326768736 1
663.1786409869813 0
650.5053641081354 1
693.6323529472105 0
704.6170012128113 1
721.9206632798794 1
698.8565968486777 1
668.8708680047179 0
705.1305346244363 1
710.1857395145908 0
714.2393640406301 1
736.4671001700242 1
697.7062406857636 0
749.3928155380991 0
694.1594814997311 1
730.0911439015783 1
677.8338981099553 1
711.8896940621158 1
748.9956647571212 0
666.3298335220834 0
658.5798289109605 0
700.5866615760309 0
664.1102773445302 1
707.9548761104909 0
706.4433294117084 0
682.0464186126237 1
688.1216985840372 1
668.4552340785033 1
687.540419360365 0
731.5245257263762 0
709.6808677507809 1
700.0607171818627 1
695.6949597899347 0
691.4421725875338 0
703.697342152351 0
728.5396371761509 1
707.5818110328121 0
713.2817125443485 1
675.0480933040011 1
653.6901016320428 0
660.2735562293137 0
722.5461846155542 1
747.8018748450296 0
693.8888977073786 1
720.8590000905976 1
712.2102903208306 1
724.7206421944654 1
714.1853744323614 1
686.1649762407521 0
667.5113762518824 1
669.297576394881 0
672.6480200436034 0
660.921144148196 1
705.5461836920551 1
691.5190394817921 1
679.9028657643669 0
702.4882216605307 1
721.5873859897473 0
684.181908805621 0
730.9749290053741 0
660.3131904102736 1
688.6052424917282 1
705.7139310391723 1
724.2521872865296 1
651.2077737665719 0
675.4964782462023 0
654.2794581700028 1
661.2582892383307 0
661.5464006699115 0
744.6082669297638 0
672.292829736337 0
713.0798070411702 1
678.0123426239339 0
701.3197837642971 1
745.3844241959841 0
691.4352177815728 0
671.6563683029559 1
677.3853190141572 1
692.0079911045218 0
695.7695862367897 1
701.9183122832812 0
691.8216536702878 1
734.0512082895773 1
732.2469998543553 0
712.6203214392314 1
741.2959564705734 1
659.6499317431528 1
702.4728130492783 0
670.915619746146 1
698.880516631785 0
680.18743013369 0
735.7010594855759 1
724.4497482487799 1
731.9838823604248 1
744.1649783526748 0
723.6323249103859 1
654.5637252268862 1
675.195041631961 0
666.7379862304434 0
654.0323954756209 1
738.5666121676292 1
680.866691384531 0
713.599209069332 0
702.3473745918524 1
683.2444913426398 0
666.3485876740068 1
723.034718939308 1
654.904676200983 1
690.507534845845 1
691.1865435411796 1
697.8207016905862 1
745.605065541937 0
724.5185124095788 0
718.9206070161952 1
728.2666670611892 1
717.7261550440003 1
660.4730866797146 0
650.6029197014404 1
663.2681207321803 0
659.6693041439548 0
653.3978014939672 1
739.9272022752801 1
700.8099201419116 0
679.3902251642298 0
717.4882989849746 0
693.2470586715579 1
654.0850572507193 1
700.5110824132414 1
730.2202303351954 0
655.4639789659786 1
704.789851030463 1
728.8524414595909 1
735.0152973905965 0
684.714994707489 0
706.3094840778988 0
675.5015672812494 1
690.3926727332657 1
702.0981211079421 1
669.811014825208 0
665.1408923149124 1
738.489286178773 0
731.0397535640732 1
711.4327193153346 0
712.377320596482 1
743.4365530568663 0
704.5830665634019 1
700.16843823165 1
660.4075855076264 0
736.321176059269 0
651.5962788812104 0
688.4266578514371 0
679.8753729247887 0
738.5031364730168 0
691.9914091494043 1
660.6123750823681 0
738.939016122211 1
734.5478006176268 0
668.4791814001212 1
725.4813031166542 1
671.9676454686335 1
660.0396315073476 1
669.3969869799331 0
659.1746939591036 1
678.8685153812594 1
700.2325910812824 1
651.0394328999255 0
718.8025968544491 1
688.6001725041247 1
732.1194483720161 0
734.8006263179382 1
671.696233833813 1
712.0755997305313 0
733.2698547881895 1
672.9067639803859 0
658.4021987756458 1
724.2285908238082 0
680.3057853061637 1
656.8878586061629 0
715.5191174168906 1
650.13570900931 0
714.7812413819814 1
682.8434901399842 0
654.4973021998038 0
665.4160290719751 1
724.3828342887858 0
681.9732802308004 0
744.4792958052371 0
708.5291054572356 1
727.5635053236265 1
742.9147822803787 1
717.7648564509159 0
745.3681353349928 1
675.5058162603649 0
746.0273389546855 1
706.9322715633826 1
739.8389906688124 1
693.9624229635654 0
726.8907735901951 1
725.1268883900211 1
667.0629311261102 1
661.974054814543 1
724.5648095039776 0
689.1637711433075 0
651.3988716846515 1
733.4779094529205 1
721.0895840312256 1
692.2872239698513 1
726.5570707536451 1
665.0774302462175 0
658.6910992463096 0
720.1307915781299 0
740.883076508469 0
700.958312137692 1
673.6636053424339 0
667.7225690719999 0
652.308256798447 1
679.1730861663931 1
661.550790514556 0
672.6069273229795 1
734.7317282722585 1
654.1896036791424 1
650.7434431870423 0
735.3866147616775 0
729.8996581110266 1
655.593148256717 1
682.5364859145549 0
742.6990904309087 1
671.6690288970893 0
733.321133962067 0
679.4155978183702 1
685.2817833319959 1
699.8672443538969 0
681.0481082010995 1
695.7064755269964 0
685.1775315860807 0
683.936760654135 0
725.418255506907 0
668.6280101378358 0
656.4536245382499 0
735.3549296114397 1
749.0922183400961 0
654.064664056935 0
719.1175443628895 0
695.437774541317 1
679.1215258089981 0
743.7945541577562 0
680.863872505848 0
669.5749402746711 0
671.4163134192145 1
683.500641882493 1
749.6951110930228 0
687.2812578237173 1
737.6973752558032 0
735.075598325913 0
699.8182602936681 0
689.5084701321724 0
749.9730012710729 0
728.0720153082814 0
710.9216270167018 0
684.2770818842532 1
667.7338919408427 0
705.4330097882465 1
682.4639230424146 0
733.8422367637985 0
708.57991864992 1
697.7650767001369 1
678.8117319084 1
707.6148046640042 1
736.7377710457239 1
685.0280084282562 1
679.6304946608078 1
739.5233036452025 1
682.6076453193439 0
691.5323093601339 0
727.6469680940227 1
738.9986113756426 1
680.2604400836445 0
721.0977273394868 1
668.0553990785137 1
716.6893378224871 1
694.922336612067 1
713.5279648860339 0
712.245799608693 0
652.3931262528175 0
708.8837480097048 1
658.2277946073514 0
709.3619089375343 0
717.6329804732868 1
728.9400363536329 1
709.1286189293378 0
678.9429560645673 1
677.9914694607727 0
691.7792813424714 0
652.7626211422688 1
740.3651850837048 1
659.2497032780914 1
726.9898908383624 0
669.0983040970584 1
714.9425315594308 0
694.8258504514531 0
670.4684251821433 1
717.3922219311187 1
698.1453651441781 1
673.2462681429677 0
650.0475816669996 1
734.7276333790136 1
673.7157525756438 0
713.2773234503941 0
660.255152616512 1
657.795883719555 1
679.1674470036772 0
665.2355898403316 1
709.3250739261538 0
738.8286825196209 0
714.685998405887 1
721.9277748932676 1
738.8559389125701 0
651.702731359525 1
720.8413510038722 1
662.9332723804254 0
677.0166324693628 1
735.385718308142 1
740.8298661838522 0
731.6546897661754 1
719.5290143284033 1
702.6458629020684 1
697.2138189852203 0
671.5218732938538 1
706.5738208205534 0
694.3773212996349 0
734.2828830199227 0
668.8985035410439 1
747.6157522009713 0
710.9674980772973 1
718.8145969616961 0
661.9141933210283 0
691.8917933654403 0
661.9957077271583 1
724.7857008465909 0
656.060242703113 1
684.1638872988971 0
675.6191973444421 1
708.1158912666282 0
702.5059043014201 1
716.5038651174582 0
725.0078663891735 0
716.456766166569 1
729.6919360970004 0
650.330240833358 0
732.5253407947789 0
658.7682203505125 0
651.0075812033152 0
728.675556963716 1
653.9683446763427 1
700.5317978544984 0
684.9175816303821 1
730.5489935464158 0
719.041283023841 1
704.0192747923677 0
747.4968521835955 1
660.6125098877767 0
705.6794455557643 1
715.9204659255212 0
679.1537640578695 1
716.3230935187473 0
723.9007985747182 1
748.2811750494955 1
729.036370970386 0
691.1356745398734 1
675.5946397002949 0
736.190063213482 0
694.7325285142871 0
656.0356165970775 1
669.0244077132845 1
701.2691448288504 0
674.4309087217877 1
746.7016866955928 1
702.2852289525333 1
694.1641093783055 0
730.8681094544204 0
712.1522365330827 0
699.5890167000525 0
736.620110621531 1
682.9147837588558 1
657.3194115003886 1
666.3255266344221 0
719.8834641281555 1
707.3608787782672 1
703.8107190057956 1
722.4923396295383 1
704.9439667804054 1
671.6270303959978 0
718.512612942358 1
691.3292422555404 0
710.2484556891699 0
693.9406017251644 0
693.9650627159574 1
668.6117147380633 0
742.0274016875577 0
694.4670147991917 1
674.8716127716738 0
665.6879770570505 1
680.410628239972 1
731.7524058974078 0
740.2886177035473 0
702.2993994083928 1
708.0294408289368 1
708.6750503418953 0
654.4258993593845 0
747.1821861097999 0
677.2091477900806 0
692.7047379227909 1
700.9775440379454 0
673.9873587275757 1
665.7362737755643 1
682.9309875812236 0
748.6260192513831 0
689.9909358597815 1
704.0306002556857 1
681.5737558680896 0
684.4767828889157 1
679.1338672078978 0
748.4911823505063 1
656.0456798664053 1
695.4685756945693 1
683.9377965392362 0
676.675474875907 0
739.1252495475503 1
693.532877261607 0
699.9496380192011 1
690.7951176900424 1
708.0526448684047 1
744.0523142452391 0
682.888554859974 0
705.1360110413409 1
739.7112181173036 1
735.5377722826612 0
717.7839142732282 0
714.23811793205 0
747.9623855124967 1
699.730801274878 0
652.3542004854739 0
716.062979223269 0
669.4928943158841 0
659.506917613394 1
662.1526206089077 1
699.7234731563648 0
720.3265797406306 1
695.2435646397176 0
734.4972915965636 0
748.9784653376504 1
689.4202194827951 1
731.2680259002963 0
721.9497481055412 1
723.2791037678757 0
707.4689913483245 0
704.9182089511087 0
710.7191870713744 1
731.5046223100414 0
696.0734567341146 0
729.1242441717455 1
746.1153740796572 1
744.0718468683859 1
689.3340010949324 1
653.8570827114689 0
666.7074328720348 0
713.8701778264777 1
740.2386625794201 1
749.9158656949581 0
718.8935592516103 1
733.3210346682713 0
682.9450289525844 0
656.9284281115104 1
658.9977442105385 1
741.7961060572201 1
748.198761407353 0
741.4740964621859 0
659.0746782133015 1
693.4115634933952 0
734.5794239142058 1
748.1577337658257 1
718.4059145390835 0
748.1498535691742 0
731.9950904119949 0
720.8706035268497 1
738.5486072463401 0
696.4936915061479 1
737.1421530880427 0
737.2051210083004 1
701.794687923523 0
738.9946876657765 1
670.9969825276277 0
669.1185430317416 0
674.9367021730757 0
740.5406843087414 0
730.0124535072782 0
747.3179556454742 0
713.7227155250138 1
658.619476519129 1
651.4810956944947 1
683.0033022255783 0
652.6739922302386 0
688.8588780043807 1
719.7836966014011 1
711.6289226546942 0
671.9417566559235 0
675.3509565007815 0
671.2205377273599 0
724.5933166481062 1
655.9425636956848 1
712.3722499989552 0
657.7818438830484 0
700.4249673730016 1
660.852090490335 1
747.8746118215026 0
747.0767980988232 1
714.6499172238941 0
650.4478211127819 1
665.8135901751324 0
685.9508038065246 1
714.7060855667041 1
710.3847345086433 1
747.7385476674434 1
727.1377520037248 1
675.1377793648293 0
671.6110639561114 0
666.1472496066275 0
733.6592553215288 1
681.1356711321594 0
681.1448603751548 0
675.4532953364785 1
703.0849937557259 0
663.5839625400714 0
692.9648382613956 0
708.9292217044939 1
701.1727510290801 1
670.8789570939107 1
703.1555664322009 0
653.9273150001637 1
707.1718057991307 1
660.6777069819261 1
658.0647539349952 0
663.8098064789859 1
714.878323326129 0
744.1550893326367 1
713.6196400743075 1
737.3863484139529 1
683.339694812522 1
741.1389420125569 1
723.481998492798 0
734.1333125451879 1
747.1079145393203 0
724.2368638146944 0
657.6781953027471 1
717.5220003756458 0
701.7214423494496 0
658.5013149694702 0
707.7689820941674 1
700.0975506723258 0
691.6507856782823 1
717.85104927789 1
677.9233507875151 0
701.9818972418087 0
656.7763883676506 1
727.316473036022 0
690.8234642001603 0
736.9875961916049 1
732.6549248745825 0
711.456369486326 0
738.4061370004129 1
654.0012221684882 1
724.0098088492351 0
735.3947543541783 1
668.8591410527832 0
731.9741015510349 0
689.592157203771 0
729.5280515702032 0
670.3258434409877 0
682.680122556917 0
658.637979791077 0
720.6380980859304 0
666.3518988405568 1
659.710376799161 1
731.2246126431627 0
724.522720604579 1
652.0748853471478 0
716.7218453331942 1
676.5626356053168 1
711.9616847187752 1
656.7091460808256 0
731.4453958446124 0
650.8172658217601 1
681.397644629534 0
743.6110708029253 0
705.5801822300749 0
679.0582959143622 1
677.3430318851417 1
725.9091702420446 0
682.9855882271274 1
668.6656189587552 1
709.6513078940693 1
723.4495125983427 1
697.8080904870737 0
716.0296029296892 0
715.7722458073837 0
738.9709054922996 1
715.8922832429116 0
736.0937493476631 0
701.9373985270457 0
652.3608169426446 1
665.2371825341318 1
654.6160816684514 1
736.5980246027627 1
749.9794993217565 1
694.108652785455 1
653.6001207052393 0
679.8807122707785 0
678.6993756151295 0
731.6328913288921 1
740.1044609093187 1
722.3348553088639 0
690.2625363164435 1
729.8722963588552 0
736.515348022914 1
671.0069511786721 1
716.8547230282853 0
719.050479431662 0
699.9668510396999 1
662.6764114902356 1
732.5201121535997 0
689.9356390656146 1
723.5211499891615 1
717.6794395191114 0
688.4557181512538 1
692.9051595729057 0
665.7454924217922 0
744.2131535603696 0
674.8183781106284 1
670.1028355106563 1
661.3373628417693 0
706.6034000481862 0
655.2630002257723 0
729.875718870119 1
674.8391242062929 1
701.3635956858307 0
686.5873102862017 1
704.8396246626043 1
667.2120352843183 0
723.6578544108012 0
693.0659662704414 1
688.0866456919892 0
660.2717072663756 0
669.061607097007 0
719.5243655713426 1
726.3675150145348 1
726.0181719561648 0
709.5028130334886 1
705.8114865917947 0
729.4725745665564 0
715.6337901007357 1
742.6040694834437 1
672.5471949482643 0
695.8073505240218 1
738.4709804327553 0
746.6359939215796 0
715.5734858474184 0
744.8254767883724 1
719.980949853379 1
709.764938903546 0
662.6517229696157 1
714.4483013841494 0
716.2968487514567 1
699.524674104505 1
722.0217558156344 0
657.1380204951881 1
716.4773455713713 0
710.9252824871255 1
738.454890322285 0
682.5589902379794 0
745.6374113308398 1
657.4421315020933 0
675.7765098884731 0
717.424459741833 1
698.9361097821142 1
739.0980832542995 0
721.1429500748786 0
723.2607911167557 0
664.8951260476731 0
727.8116865510005 1
681.3785685484935 1
735.1163385711952 1
705.1060118793224 0
668.8121798578053 0
654.0465759684886 0
680.990693697342 1
712.32541487761 0
662.9721502615696 1
709.5270657442363 0
694.5072807851559 1
656.9851641508748 0
656.7849669708035 1
690.8634358329031 1
739.8042591375058 0
664.0060743534988 0
691.9555569527837 0
739.6981190307947 0
690.9261595986746 1
716.7494645244443 0
736.1363861231973 1
696.8839117269619 0
701.2862231542487 0
701.1996440172147 1
703.9100882165448 0
687.52905567779 0
707.5151064384752 0
695.4966971410299 1
674.6331707269475 0
693.5368894051242 0
747.8686605682669 1
735.3819998220887 1
739.5795888833543 1
694.0018068305108 1
730.3065433296081 0
664.3966070306917 0
663.1624828949795 1
662.1247406182554 0
722.256735424114 0
736.451409250431 1
676.843705201251 0
684.7901979144671 0
692.2833420720941 0
664.6565478650562 1
722.7954362101681 1
745.9688749951239 0
655.5381843768804 1
747.9217509022182 1
662.1255626355089 1
675.1841411685992 1
668.4838453053187 0
683.6449935620989 1
657.7751547128382 1
654.9481006795073 1
678.3783039521439 1
675.6327262442499 1
740.0724593202465 0
651.9045875552965 1
689.3335449612036 0
733.5654607043624 0
687.9524392679275 0
719.012115899456 0
672.998275163925 1
730.1991621973397 1
664.7404095865015 0
650.0274641611392 0
667.5203506185354 1
665.2313745104644 1
711.0214998456747 1
698.3606621550973 1
658.8737397427072 0
684.9216161460741 1
704.7086028051529 1
655.6578845245385 1
741.9866191938415 1
731.1524028241483 1
719.0855782232438 1
680.3419339833658 1
745.9627941808227 0
670.7588883329264 0
661.1610495833731 1
703.9781521810783 0
724.3179458468321 1
713.3752131192157 0
744.359824610631 0
726.6380255580358 1
711.872511405351 1
749.8963700815619 0
725.105383282091 0
661.3244669667027 1
696.0159682387581 1
711.0398672085017 0
745.3916947040412 1
746.7509272695145 1
711.389940402991 0
742.9290417514828 1
748.1615751635395 1
664.5311582044308 1
693.8655452311407 1
713.5258010905021 1
699.0270095192052 1
736.4089713660487 0
721.3628293955178 1
729.8501276016932 1
679.030657048984 0
712.3509365612783 0
695.275061813091 0
690.7507375579381 1
671.964163954596 1
692.4400970062337 1
732.6155542528355 0
742.0278303540149 1
678.1487928118645 0
676.3567124920877 0
663.0170473031222 0
661.5369752779768 0
696.5521840598724 1
745.2672162001429 0
716.703766578875 0
661.3293155465499 1
703.3909688611525 0
654.4952102013732 0
706.3519322881974 0
686.3344670953109 0
650.2681687655821 1
740.691396558335 0
696.035946906438 1
658.742068617996 0
729.5232065333186 1
683.4788413179105 0
676.3906864991803 1
701.1571194312594 0
705.1611215543189 0
743.7695501606081 1
656.0821840227094 0
731.6239573275255 0
662.1126765725712 1
687.082901962549 0
709.5130313990369 1
659.8170797479522 1
663.4051407880459 0
654.216285480403 0
743.9110375994914 1
669.6489503675124 0
746.5025506414389 1
673.8697840798443 0
697.9431394379857 0
668.215800230568 0
674.7462046545447 1
735.6313162073834 0
735.2282310874149 0
718.1429366027348 0
724.6618714670569 1
741.9271233834953 1
711.5817032656573 0
664.1675870838151 0
707.5726898865678 0
712.1702554380945 1
736.5519963195349 1
728.3794491621877 0
734.9059684446844 1
678.3655228508447 1
655.6293787432288 1
738.0038412504557 1
713.7035833245693 0
740.0216443781688 1
701.5216337154408 0
714.5597998580847 1
714.8906339968248 0
714.2339795553055 0
723.1280124976487 1
666.4771964328911 0
698.8893925518248 1
710.8701057642219 0
733.4160585895708 1
652.8967417666129 0
735.1923117767373 1
724.7150752442935 1
669.0880778655666 0
654.4036057911176 1
653.4989263908681 1
679.6868070430904 0
746.0747696085125 0
709.0310601119369 0
665.8847426651716 1
725.99121567976 0
695.5376503590558 0
693.820542221619 1
682.0008820788379 1
737.819529779925 1
686.1811208141779 1
685.2762467970887 0
701.9690125053041 1
652.3103056067138 1
665.5045789514655 0
653.8345909486317 0
682.8157641211619 0
702.613917381179 1
743.2914449282038 0
672.768765258422 1
722.3825122353396 0
712.8305818377648 0
687.0293587232372 1
657.081858695863 0
742.8540622161438 0
695.0957716060699 1
683.2457318908725 0
714.6771541602285 1
691.0003394816762 0
746.4932130289582 1
728.7493476237371 0
679.7227895842498 0
667.2925985270106 0
702.6572720557336 0
674.0783026751368 0
686.4577786986866 1
712.733819470446 1
715.5534542111146 0
692.8274432296653 0
741.2603211297823 0
719.0492239721259 0
664.8332608999708 0
717.7597959024376 0
738.1700986574846 1
730.5665569621844 0
688.8288014451275 0
675.6072210865775 0
733.1522534145092 1
686.1079290379262 0
728.2582290680344 1
688.9426283723171 0
674.1550067516192 0
745.5045759003576 1
727.0563199224724 1
670.4869086466304 0
694.4136808587823 0
713.7605652376201 0
740.0482727385343 0
650.9389419354409 0
709.0591846650417 0
709.084095532486 0
693.6117489626977 1
698.4522839645348 1
733.9165458724351 1
748.4980242844817 0
701.9356680787635 1
707.1330432012317 0
745.1981414263525 1
704.9403925535178 1
721.4326936624332 0
731.5751663689268 1
698.3308925131117 0
699.1090432281978 1
683.3951088717349 0
749.0652414606081 0
735.711546330161 1
717.541789083876 0
714.9186467572158 1
650.3431731905607 1
680.5761988953627 0
694.1721613678999 1
728.1466715596357 1
735.4935151498003 0
699.4794474214217 1
726.6928046851554 1
705.8753716632563 1
688.5948262801662 0
739.7825507296853 0
675.3396469109018 0
665.9389520534844 0
744.921259384106 1
730.8268475554447 1
686.0894554302977 1
722.6026085130813 1
696.0702053747207 0
711.9757065033708 1
728.3505751191094 1
722.1835851586216 1
700.2823980456363 0
717.1605157711526 0
654.0502360664691 1
689.9875711617025 1
708.7031503168366 1
697.3628315029097 1
666.7757605474497 0
687.8813618698867 1
674.9753582976147 1
731.0720038875722 1
687.9921311566937 1
692.801584910681 1
702.1398183535625 0
683.9776435160528 0
734.7270624024246 0
714.4689421041185 1
699.1312085833599 0
709.1461785684129 0
744.4325563450647 1
748.7449952695683 1
714.8690866760887 1
749.3829608644855 0
688.9784887332885 1
740.8855834170082 0
652.4532541217401 1
749.1250556593864 1
658.1194472069367 0
714.0465375100939 1
689.3302248703116 0
663.9924310743111 1
666.5852294262779 1
672.0668072106913 0
737.4123899548049 1
681.3476101040162 0
748.6007140095111 1
656.3835674945261 0
702.7350253712162 1
720.8029234492716 1
705.3632126658505 1
680.6056635625835 0
713.9048904984205 0
688.9078271496013 0
656.4362831440372 0
671.7140123467926 1
684.6932954064065 1
715.9793150294628 0
716.1416460202295 0
662.0493219546311 0
656.1159041473213 1
730.4210840019257 0
699.4148839118636 0
694.6550037950664 1
743.172630624793 1
673.3940421840366 0
715.1109507324019 0
707.9034340497724 0
721.2831025728608 0
708.7309768721866 1
718.7361650630405 1
723.1971286382787 1
703.0016150248596 0
739.4293953095685 1
734.8408476328292 1
683.8404565149699 0
701.1903521764433 0
655.0936860968961 1
706.798516232084 0
655.5973706441451 0
653.3174171650871 1
711.6928243721986 0
739.0109262983101 1
670.3663534458389 1
712.4690186726057 1
745.1480548976131 0
738.3124283448072 0
743.2508950155078 0
740.1249136902721 0
740.0357891418789 1
724.7490099266579 0
668.2168394983669 1
670.7253485559526 1
740.1830715055252 0
673.6335662951559 0
703.44065190967 1
653.0621391088968 1
706.16030627482 0
674.0766115422144 1
674.8630601979687 1
721.1085999653328 1
721.3202683392759 0
677.7152465269912 0
657.3082339877146 1
682.3150459714996 1
696.0796458903411 0
694.7658824911856 1
690.380819164538 0
715.9463047156456 1
691.5007474191696 0
669.1771189125591 1
702.4301584837373 0
704.3470774448739 0
675.3922823025157 1
664.2089704603561 1
741.1722479499542 1
703.1852529396778 0
747.1084733717686 1
709.9920841376295 0
717.6436170505125 0
719.4003870480335 1
696.2350859192982 0
723.4364218735657 1
728.7123449856866 0
709.8760834143011 0
690.5632862221032 1
733.8806962277948 1
712.2435606542056 0
721.2043567281105 0
704.5251710262083 1
667.9868520897426 1
749.4212126106513 1
722.8723686845096 1
661.1940170964945 0
733.3285396357797 0
699.8874774677847 0
712.2142766168789 1
672.2817506838466 1
707.2320371748887 0
749.4117098871459 0
731.0910918369374 1
661.8617679110804 0
666.8166584009806 0
694.7615752192515 1
701.7567156303405 1
749.4091038803176 1
706.4927039737926 1
672.225908259923 1
732.0883743908406 0
713.1409110139901 0
739.4570888340902 0
670.6795751923896 1
737.0343137424699 1
676.6079351482248 1
670.8806696031329 1
741.9576764406825 0
663.258277361403 1
732.3724492159497 0
725.4825589049307 0
702.6725595861108 0
668.3642907626651 0
747.5956841525934 0
708.6477002834267 0
717.7321377035489 0
748.5445310342731 0
698.3062951684193 1
687.2395088745577 0
722.2206331460642 0
682.7800709268142 1
650.0322052239903 1
719.5536765265592 0
738.6937789012063 0
733.3667466973046 0
747.9271573207611 1
723.6400755119448 0
696.5005063692098 0
725.8227443659574 0
720.9054934843236 1
652.2022508547783 1
706.0192414016133 0
706.5811642668091 1
708.3952150966627 1
710.4072742634131 0
684.82003129965 1
664.1932361139603 0
712.9174722278701 1
712.5672763537301 0
742.1858505358741 1
651.8169912705736 1
730.5353559487461 1
677.3064764237278 0
691.9362577652664 1
682.8269621580429 0
734.8695973851908 1
687.3382017425249 1
748.2237132256 1
650.4858262980043 1
673.4495611381589 0
742.1237011252719 1
692.8634878069912 1
672.6657898906996 0
725.5847857187778 1
702.421587236965 1
704.2171495487238 1
747.8208670764931 0
652.739479507758 1
737.0580857060787 0
708.3458512573292 1
681.7754425457916 0
670.9908723447477 1
708.199946454931 1
662.7808259184126 1
741.5085160786522 0
710.3824741530833 0
695.6946158590474 1
707.5775398704064 1
696.1462468113782 1
725.0082076674173 1
716.8942628198799 1
739.0982256180475 0
741.7926584313301 0
719.7858047305549 1
689.64265090656 1
736.52621015119 1
671.7683418223912 0
658.4340852155509 1
705.0259928889495 1
731.825853838934 1
746.4174368518325 0
666.4943067878547 0
658.2506775546918 1
726.8652245753187 0
733.6950167671788 0
713.6606300987662 0
731.2463609688734 1
660.0901535271742 0
725.939182655818 0
652.4197207817252 0
671.5666270275254 1
685.9230161076305 1
689.2836049282594 1
666.0415965394351 0
683.8004704881032 1
728.9926516057187 1
722.0406699046368 0
731.9908195753798 0
738.8025985590921 0
746.0281418259133 0
709.6892573579745 0
747.1653103259791 1
695.528150666461 1
726.0224704312883 1
696.7747597297775 1
742.8600122959424 1
671.7317022711296 0
692.1170364683426 1
727.6304617049841 0
704.7813228657416 0
737.5143317344565 0
687.8893834923041 0
666.1642880532289 1
721.8287744850705 1
691.766788260765 1
702.1554019211147 1
725.9169835678595 0
697.3923931040786 0
745.3299129646733 1
705.0367463999021 0
665.8425064643106 0
709.848210274183 0
702.1647185777185 1
739.0814997358545 0
657.9353686893322 0
673.8870560712227 0
729.7524518605868 1
748.1619698453778 0
710.7936779500112 0
656.8885271278818 1
690.5008396013002 1
731.8318271221788 1
695.2213734285592 0
717.2230306619082 1
673.8614220481348 1
656.2907367884054 0
711.0364454367815 0
734.171846815711 1
659.1490439612425 1
723.4985021274571 1
735.9666107150226 0
701.2211839277966 1
662.102249059827 0
651.5072323126888 0
701.5029337263571 0
733.5661648438723 0
688.685860767213 1
678.380423035785 0
658.7202865864032 0
701.3091228197587 1
669.2720573935858 0
720.7544217128408 0
744.07375063546 0
666.6692426367413 0
712.5664129483275 1
697.5861876633105 1
701.8195421180612 1
711.5717413294501 0
709.9286423097423 1
709.9851397346263 0
695.3312511040546 1
746.3905924489856 0
654.8429715219237 0
674.3494069565352 1
722.117363955362 0
695.1979033843745 0
707.3311597596376 1
715.1993494004709 1
713.124915243679 1
666.8322903050843 1
695.6795005930992 0
724.5003730104655 0
716.8866832298415 1
748.9687781460198 0
721.6859671852832 0
710.7560536223448 1
657.2326078295937 1
689.7411884309779 1
662.5681632717346 1
746.096048952993 0
698.036101716907 1
701.5431208440665 1
652.085640258169 1
719.4231454700755 0
660.788982359467 0
704.7243743097514 0
660.1591331728331 1
657.6700654170984 1
734.1805641132631 1
724.2866124873071 0
683.3816501889269 0
715.2147951161992 1
719.7219204419724 1
653.322125427505 1
687.4785514860184 1
707.9321443081799 1
707.1035280605935 0
674.516843084476 0
714.8068874887279 1
717.1476592848743 1
721.5730897785501 1
680.4428267217265 0
682.8694893474458 0
700.8307214421011 1
709.3334922411517 1
675.285616060246 0
742.0546283480115 0
731.3829780007709 0
706.9428893787289 0
671.5505386333733 1
693.7915431738503 1
680.8013280553523 0
708.2004756726785 1
722.3641314412012 1
666.2655486872885 0
674.9880697772792 1
662.5423726820254 1
735.0358073932639 0
706.9351628942135 1
700.5546472025613 0
736.0337806897539 1
679.1668715298499 0
746.9768832656156 0
737.8471613378404 0
708.2873080704563 0
701.6474004575557 1
691.9779464225217 0
740.5401466721005 1
728.531991089764 1
693.2044343796124 0
666.0531715136796 1
683.144738915322 0
684.5757503626213 0
716.7278432891892 1
651.658703546243 1
650.4042153930045 1
689.0274822327656 1
674.241751101011 1
663.7188926541988 1
700.0228881660074 0
726.145170672397 1
713.0487034036624 0
739.3869684265677 0
675.2912809145352 0
694.9261976067771 0
701.7446432810684 1
692.1229650271324 1
687.3379945068295 0
695.3481724915381 0
657.8691827764758 1
671.9402777519792 1
702.2257036238385 0
703.1639695081799 0
731.7361837508482 0
716.7630798042234 1
667.982448397299 1
682.9825028944724 0
708.0163428007958 0
678.6828665112064 0
721.2187610777273 1
739.1402926370022 0
702.6957549083033 0
692.6895685942006 0
697.3926325822317 1
711.8677316608769 0
733.8425266228062 0
746.6334454002904 0
740.1630924381085 1
684.2436176735117 0
715.9915165197892 0
731.6021454102925 0
698.5834723473326 0
708.3328396639712 1
675.0784567641412 0
680.0841662863518 0
698.8577209883197 0
696.5980340186173 1
703.5420478051642 0
736.0502336761517 1
680.8081193986984 1
737.7774808784727 0
697.7954641420347 0
669.272637129939 0
749.8629847298237 1
707.9990177685364 0
658.5164647777888 0
664.1992030519662 0
650.942880677185 1
720.6988619445627 1
654.768735014724 1
683.8941314312424 1
697.6867630119222 0
672.4227285674737 0
712.3703345821884 1
677.3776153304092 0
672.1597541677402 1
676.9113123295709 0
705.9702793572964 1
725.1103872557795 1
658.6384748820326 1
665.2408374378331 0
698.0172573786743 0
700.3871586901623 1
747.8330912710957 1
719.001154310022 1
665.5991476245027 0
726.0234642184842 0
716.9095167430338 0
702.0977092719439 0
679.4407445578335 1
653.7206910970876 0
659.1330859109507 1
695.2299359700771 1
712.3633446730096 1
742.1052875645396 1
738.3706420065753 0
732.5471034831511 0
716.3544011325364 0
666.7657492921355 1
744.6425378194758 1
734.5080804783033 1
688.381059593454 1
708.4950698838966 0
679.5445834078803 1
709.1135177292052 0
692.3421818437826 0
695.1715490574104 1
653.8969539219291 1
749.6541614836408 1
713.3907455805667 0
679.0945465927922 1
680.8223845674444 1
660.8067646577882 0
670.7652536619576 1
692.5623281186746 0
684.7029687032681 0
663.5130825548786 1
691.234423651004 1
741.1606530547077 1
722.8552286007246 0
685.2588647005012 1
678.0939073321935 1
694.096913980064 0
655.1717603492683 0
694.2168846035974 1
699.9819086390287 0
675.3133894347235 0
667.1166509335006 0
708.7923464787419 0
722.8849476348711 0
741.4618360606142 0
671.9629129337258 1
659.598496855754 0
717.8979845271983 0
718.2485545126601 1
693.1539565938174 1
655.1085956107524 0
667.1745636935946 1
693.2772631279323 0
679.4369508694178 0
667.8211476773241 1
708.5341928489277 0
657.0921618579056 0
728.877192360023 0
730.1592199052137 0
706.1388015930215 1
696.8431465072001 1
650.0758530884602 0
735.4709637056005 0
731.8262165712789 0
667.1417460330124 0
702.0462675309564 1
729.8701584954553 0
694.5129478576703 1
738.8806963780189 0
692.8767299859716 1
681.8761943025471 1
698.3124915406199 0
729.6940847471802 0
676.9016032878919 1
711.8908371788348 1
674.3732426586548 0
700.9063276297678 0
673.8521585782293 1
685.2208714233245 0
681.8170498388539 1
721.5064831765104 1
701.739177422253 0
665.4167934193486 0
694.4173854362067 0
740.8738886376635 1
729.7392333557361 1
707.0763464512378 0
662.8807931311621 0
716.0677801579602 0
735.9109683962002 1
686.674250258444 0
692.6487874301496 0
689.906602447265 0
739.040025123756 1
715.5626366491323 0
712.1403835522004 1
681.6884484525892 1
749.9538654831192 0
655.1541917824798 1
673.9212650921303 0
715.5377506857607 0
670.8526677605607 1
740.4764706765011 0
655.7371753774862 0
722.4107667638951 0
652.5022977118629 1
749.2931867797095 0
735.3578808955154 0
743.4783889533201 0
720.4446485396428 0
664.5896255930612 1
726.3939204605709 0
658.6504034785464 1
733.2004348677488 1
719.6972081961876 0
662.1486925286879 0
685.4998755381118 0
671.8486288907774 1
677.535757753475 0
688.0296542527459 0
724.2449592494683 0
664.9894613370832 1
717.0314774804882 1
741.8563856150818 0
724.055498736635 1
748.0300291851207 1
669.3622011019545 0
696.1185763510377 1
681.2190730116489 0
731.5885214770061 0
749.3056152217733 0
682.070151880827 0
676.2535193782967 0
679.2003452522285 0
736.2783242645625 0
718.7805342491308 1
672.5856600787968 0
663.8453510647427 1
706.7885509852929 0
713.1765216810852 1
669.7982850804004 1
686.8832663609285 1
690.3830041610548 1
702.3563347983677 0
657.7120222724508 1
696.2682790011902 0
698.7879458848467 0
713.9907177625546 0
733.6981183462809 0
679.6372312777559 0
747.0225875588685 1
700.1505167010008 0
702.0016656272581 1
732.4690361333954 0
736.3772383234808 0
702.3350784176134 1
695.9784687730446 1
671.3178610950314 0
720.4077005738262 1
706.5756597749803 0
676.7060413109512 0
716.759829706772 0
661.830611804106 0
673.7204536723366 1
745.6681679448752 1
675.8432723978347 0
685.9989489463254 1
707.5144538015932 1
710.2403196097428 0
650.290190152619 1
689.6538153595853 0
740.4797864116506 0
685.2941663783855 1
690.0066969508385 0
746.6043077446726 0
710.271150412561 1
708.0862936148312 1
652.5881324971623 0
733.5526226519798 1
749.9600291689982 0
671.4114934650827 0
708.7471692629011 1
670.9468766341437 0
735.7519995298946 0
725.6925495713447 0
698.5900061322826 1
661.3412214171515 0
741.759926950442 1
680.4639166778503 0
711.1148170481533 1
696.2508616918215 0
685.468742217703 0
709.5709677781863 0
705.0009657110778 1
743.0395537937893 0
745.1444448949602 1
705.0957051832803 0
731.217702631125 0
662.0255833488011 1
724.4019762197106 1
744.0700583172579 1
652.5700038836299 0
744.4851700870619 1
737.4376620460757 1
706.0093841683995 1
735.6620331985037 0
675.6565795145998 1
664.7203061722889 1
705.5641887035417 0
733.7411757514803 1
741.1561569202449 0
663.204440711579 1
655.5333446194867 0
732.1635597953529 0
725.6338202978171 0
678.0743193742256 1
714.702036720007 1
728.0046906387817 0
671.1651571347008 0
742.5273628782991 1
684.6340280565566 1
709.8564250893228 0
722.5122084511672 1
748.8006763865188 0
734.5106324787134 0
659.9575288512503 0
667.6338501759571 1
665.9691656823139 1
724.1390695830017 1
651.6326839481166 0
664.5508379949358 0
704.110190363567 0
663.9715649820903 1
699.1639663812333 0
744.066407571385 0
724.1021496678502 0
731.4524683688328 0
700.5572674365962 1
678.7337939278713 0
717.6423642718297 0
738.1279197507215 0
716.0816491621559 0
702.1321429866722 1
711.1486008694263 0
654.8536861020127 0
657.7710716605292 1
732.9501471332345 0
730.2195645944513 0
654.6697888070165 1
724.8572704836326 1
738.9950041439333 0
685.9439498557985 0
705.1186309544725 0
706.0457914089741 0
661.1155406562727 0
650.6267182813378 1
669.2082417762124 0
664.0657334192006 0
721.7537104798573 1
730.9584267302159 0
743.9174180029755 1
658.6385223024505 1
674.1755052531779 1
702.3692228318945 1
719.8289249148037 0
731.2647375420875 0
747.8167162860232 0
688.9789390193451 1
650.1282402820725 0
700.09740455422 0
655.5811489627092 1
689.7997464452303 1
671.6063302744284 0
722.4876226698558 1
720.3326324767273 0
696.9615616422585 1
694.6192045348955 1
746.719949847563 0
655.9440527748022 0
715.6676049743776 0
746.8363534098103 0
712.7411617922719 0
699.5922895580547 1
676.0296598219392 1
674.4291549966944 0
659.0898305651203 0
727.1768834009102 0
738.1998844237717 1
685.160362034044 1
667.2449806570759 0
689.8819118787455 0
687.2774876859515 0
689.4134642976564 1
682.1147435146784 0
717.6836387530217 1
682.4587667963817 0
694.9429633589754 0
704.4156091271091 1
689.8496861543155 0
738.3146874181483 0
737.965750653373 1
661.7342466727898 0
742.3098035520339 1
695.4863909411025 1
672.0652838455452 0
694.5649074894798 1
664.4145834541793 0
708.5952674643339 0
675.4900397773179 0
711.7144732878575 1
689.8882176520405 1
690.0405447599023 0
675.2130584950506 0
715.8583337138642 0
725.153210106813 1
664.9950456822436 1
713.1597972376628 1
661.3117446901178 0
739.9448945007196 1
658.674160877013 1
720.9185225543067 1
745.8738663930068 1
720.394765795163 0
694.6591001429842 0
