     49      52       0       0       0       0       0       0
      0       0       0       0       0       0       0       0
      0       0       0       0       0       0       0       0
      0       0       0       0       0       0       0       0
      0       0       0       0       0       0       0       0
      0       0       0       0       0       0       0       0
      0       0       0       0       0       0       0       0
      0       0       0       0       0       0       0       0
      0       0       0       0       0       0       0       0
      0       0       0       0       0       0       0       0
      0       0       0       0       0       0       0       0
      0       0       0       0       0       0       0       0
      0       1       3     127     231     244     252     218
    217     233     251     225     213     212     198     226
    211     201     195     210     201     215     214     202
    210     175     238     202     232     214     202     201
    185     208     206     204     179     203     184     193
    213     172     154     200     208     168     188     164
    182     180     192     198     178     197     185     162
    187     183     192     169     157     157     189     183
    164     179     162     187     210     182     177     174
    154     180     168     183     168     143     161     178
    179     168     188     132     150     128     139     109
    117     126     118     102     111     117     124     123
    112     115     115      98     118     115     105     116
    116     110     110     123     110     127     120     122
    115     105     114     112     118     113     120      96
    114     115     101      98     114     106     100      98
    121     103     107     108     113     108     100      93
    106     102     115     101      92     100      98     103
     98     119     111      94      97     104      92     103
    101     100      76      85      96      91     111      95
    113      86     105      89     107      94      94     111
     91     124      99      89      91      90      98      89
    101     106     113      90      85      86      95      95
    108     100     104     115      94     121      92      73
    106     102     103      85      95      99      98      77
    100      90      99      85      95      88      97      90
    105      99     100      81     108      94     100      85
     80     107      98      91      73      89      82     107
    100     114     107      86      94      87      92      91
     91     103      75     103     104      89      98      90
     78      91      94      97      86      96      85      85
    100      86      84      93      93      97     103      80
    106     105      86      87      90     117     103      94
     77      84      82      87      89      85     101     102
     95      96     101      76      91     100      80      87
     97      82      99      91      95      83      89      86
    104      93      91      96      82     105      99      98
     92      84      99      94      96      74      96      99
    101      80      80      90      88      81      77      87
     92      94      88      88      75      77      95      81
     56      66      80      83      76      76      86      81
     77      86      76      99      96      82      92      76
     94      76      88      95      74      83      88      77
    102      85      87      91      85     100      97      77
     92      74      81      83      84      83      94      78
     79      95      84      76      76      91      80      99
     86      65      82      81      76      68      76      83
     80      77      96      79      85      86      96      85
     89      81      88      72      77      93      92     107
     74     100      80      96      91     106      94     102
     79      87      72      87      82      82      85      94
     78      92      89      75      91      94      75      89
     72      83      80      81      75      79      90      69
     84      95      66      87      94      75      83      94
     87      79      93      77      74      96      82      82
     62      82      95      89      94      83      98      83
     88      74     103      66      98      87      84      93
     86      82     102     100      83      98      97     109
     79     102      91      99      91      95      94      96
     98     109     114      98     102      94     105      93
    120     114     101      80      92      90     113     103
     86      89      93      96     118      86      80      86
    109     114     104      85      82     105      96     120
     94     109     105     107      92     105     115      86
    112      79      99     106      88     104     104     124
     89     102     107     121     108     108     122     110
     86     119     120     114     100     129     118     112
    111     115     129     115     121     118     106     114
    113     108     142     115     122     129     112     124
    141     113     126     119     124     123     138     125
    125     127     117     123     113     127     120     145
    131     116     129     161     128     135     130     169
    158     140     153     154     168     154     160     156
    172     172     169     196     193     184     197     170
    164     208     227     219     237     229     235     261
    290     303     262     313     307     349     337     358
    361     381     387     462     494     550     517     593
    602     660     692     702     738     802     782     946
    958    1044    1088    1136    1254    1378    1385    1495
   1580    1664    1732    1810    1896    1901    1994    2007
   2134    2081    2033    2053    2051    2275    2177    2253
   2280    2263    2232    2241    2221    2163    2223    2231
   2174    2236    2250    2186    2235    2136    2176    2143
   2204    2148    2158    2177    2172    2218    2234    2169
   2152    2094    2101    2084    2229    2089    2135    2170
   2074    2093    2167    2110    2129    2066    2096    2103
   1937    2002    1796    1615    1329    1027     794     542
    366     218     155     100      68      33      34      20
     18      30      21      20      10      14      22      15
      6       8      13      16       9      10       7       7
     16      10       7       7      10      10       6       6
      2       5       5       6       6       4       3       5
      8       3       1       9       5       8       4       3
      2      10       4       2       7       4       5       6
      5       5      10       5      10       4       2       7
      6       3       2       5       4       3       7       5
      7       6       8       5       4       4       8       4
      2       3       3       2       2       8       4       3
      4       2       5       4       2       2       5       2
      5       1       4       5      10       7       4       5
      1       3       5       5       5       2       2       4
      3       5       4       5       2       5       6       3
      6       4       6       1       3       2       3       2
      3       2       6       5       6       9       4       5
      5       6       4       4       1       2       3       7
      3       4       3       8       7       6       6       7
      1       5       6       5       2       2       3       7
      3       6       4       4       3       4       4       1
      3       7       2       4       3       4       3       6
      3       2       6       5       1       5       1       4
      3       5       3       4       6       4       4       4
      4       3       6       0       5       6       5       2
      5       2      10       5       4       3       5       2
      4       4       3       3       2       2       1       5
      5       4       4       2       7       5       4       3
      7       7       4       2       4       2       4       3
$Angles (tilt,azimute): 0 0
$Date & Time          :21-03-2023         12:20:20
$RBS1run8.dat
$B(12:19:25) = -2.282430 kG
$B(12:19:11) = -2.282430 kG
