   1156    1195       0       0       0       0       0       0
      0       0       0       0       0       0       0       0
      0       0       0       0       0       0       0       0
      0       0       0       0       0       0       0       0
      0       0       0       0       0       0       0       0
      0       0       0       0       0       0       0       0
      0       0       0       0       0       0       0       0
      0       0       0       0       0       0       0       0
      0       0       0       0       0       0       3      13
     71     177    1968    4219    4160    4150    4150    4170
   4147    4092    4129    3930    4044    4010    4059    3904
   3985    3971    3999    4020    3830    3857    3983    3906
   4079    3841    4004    4055    3818    3835    3917    3937
   3920    4016    4004    3798    3923    3890    3971    3917
   3882    3802    3870    3851    3787    3959    3853    3936
   3871    3941    3888    3800    3946    3814    3777    3898
   3847    3937    3888    3793    3874    3878    3982    3907
   4032    3976    3888    3975    3910    3909    3852    4041
   3995    3869    3886    3910    3958    3930    4070    3998
   4020    3986    4075    3907    4023    3989    4041    4059
   3957    4042    4075    3976    4015    3985    4017    3948
   3980    4063    3905    3907    4007    4139    3973    3997
   4020    4012    4008    3900    3957    3917    3871    4015
   3831    3931    3803    3876    4018    4010    3933    4053
   3911    3905    4063    4175    3957    3977    4000    3912
   3952    3892    4043    3983    4044    3869    3902    4019
   3922    3992    3999    4005    4006    3961    4010    4005
   3930    3935    3916    4061    4013    3989    4054    3970
   4088    4108    4043    4175    3984    4101    4046    4138
   4067    4015    4090    4179    4085    3966    4168    4078
   4066    4122    4047    4133    4043    4098    4170    4181
   4123    4089    4087    4203    4201    4137    4160    4119
   4107    4171    4255    4275    4146    4222    4241    4277
   4189    4159    4240    4175    4304    4276    4242    4302
   4260    4244    4356    4091    4398    4172    4204    4372
   4425    4479    4471    4416    4600    4276    4476    4519
   4340    4414    4504    4572    4566    4524    4631    4655
   4570    4612    4642    4531    4631    4682    4679    4615
   4683    4745    4642    4724    4841    4820    4806    4846
   4710    4739    4735    4715    4721    4814    4803    4765
   4803    4773    4765    4782    4679    4732    4644    4841
   4801    4776    4791    4596    4626    4627    4805    4526
   4464    4522    4572    4590    4362    4401    4488    4483
   4385    4301    4252    4322    4277    4387    4307    4314
   4337    4386    4291    4273    4229    4128    4285    4241
   4201    4120    4163    4046    4038    4117    4080    4112
   4003    4101    4114    4140    4069    4133    4066    4164
   4094    3900    4004    4015    4112    3978    4054    4148
   4019    3999    4068    4027    3967    4099    4072    4023
   4024    4007    4056    3876    4102    3980    3925    3950
   3796    3784    3925    3953    3880    3962    4005    3913
   3852    3858    3927    3888    4003    3945    3992    3837
   3933    3803    3868    3897    3948    3908    3747    3874
   3959    3993    3961    4013    4012    3969    3990    3984
   4099    3993    4119    4008    4122    4088    4108    4144
   4178    4195    4221    4288    4310    4296    4346    4338
   4452    4362    4400    4421    4647    4559    4474    4462
   4545    4669    4786    4733    4691    4722    4858    4805
   4596    4736    4786    4915    4918    4773    4776    4872
   4819    4863    4817    4978    4901    4988    4942    4774
   4890    4946    4804    5011    4938    5005    4960    4872
   4749    4851    4909    4982    4885    5044    5031    5016
   5046    5014    4958    4847    4955    5006    5090    5070
   5069    5078    5100    5133    5056    5105    5164    5148
   5326    5281    5302    5261    5292    5287    5453    5369
   5413    5582    5433    5465    5556    5738    5601    5588
   5618    5728    5637    5644    5627    5722    5754    5602
   5592    5353    5425    5119    5078    4923    4967    4877
   4766    4762    4641    4597    4673    4565    4506    4489
   4401    4474    4409    4429    4258    4276    4180    4351
   4181    4172    4077    4003    4135    3992    4123    4065
   4081    3975    4011    4024    3930    4047    3979    3927
   4010    3990    3917    3990    3978    3966    3911    3917
   3843    3871    3680    3558    3535    3527    3369    3381
   3328    3181    3165    3264    3238    3251    3319    3261
   3358    3321    3282    3230    3202    3123    3243    3051
   2947    3001    2940    3003    2974    2967    2869    2826
   2784    2783    2718    2643    2640    2587    2639    2617
   2645    2554    2411    2480    2338    2337    2325    2228
   2236    2163    2200    2071    2209    1921    1845    1922
   1916    1792    1783    1664    1665    1601    1590    1616
   1472    1350    1261    1192    1171    1062    1067     979
    951     933     913     841     851     818     770     772
    701     690     711     725     640     667     648     655
    636     603     636     584     606     609     599     542
    567     596     562     566     513     553     560     553
    578     619     548     606     594     586     640     578
    615     614     635     629     668     681     673     709
    691     664     698     797     721     816     802     856
    847     898     966    1048    1048    1066    1112    1214
   1298    1386    1495    1535    1603    1725    1904    2090
   2218    2426    2708    2913    3201    3651    4302    4863
   5511    6559    7664    8921   10555   12123   14122   16231
  18059   20243   21906   23635   25442   26887   28112   29307
  29924   30904   30730   30913   30537   29674   28381   26707
  24569   22439   20025   18552   16774   14921   13732   12410
  11591   10685    9794    9152    8218    7719    6864    6228
   5724    5188    4687    4237    3869    3398    3062    2745
   2482    2272    1988    1782    1562    1324    1193    1111
    987     909     774     652     614     537     499     435
    385     305     325     278     242     242     235     185
    185     162     168     171     145     143     139     129
    114     122     132     121     113     104     106     108
    104     117     112     105      94      92      86      98
     89      82      86     113      93      84      87      85
     76      91      79     108      94     105      94      78
     91      88     115      93     102     102      83      84
     94      72      92      86      85     103      85      80
     84      99      94      97      96      81      83      78
     78      96      88      78      86      60      78      91
     92      78      77      84      78      78      85      68
     97      86      80      86      91      73      70      82
     71      68      73      88      77      81      68      84
     73      69      77      77      67      77      77      62
     68      69      71      92      78      71      87      68
     62      85      61      59      85      50      64      73
     62      52      64      80      58      74      68      57
     64      60      71      67      72      51      65      75
     72      65      63      58      66      63      54      60
     81      77      79      63      77      56      64      87
     71      57      61      68      65      68      55      74
     53      62      68      70      62      67      65      56
     60      72      53      71      68      59      47      50
     65      74      65      63      68      60      57      43
     57      57      67      44      61      57      55      82
     54      53      51      64      46      52      59      49
     58      64      71      66      59      48      48      50
     76      59      45      50      49      63      42      55
$Angles (tilt,azimute): 0 0
$Date & Time          :23-11-2022         14:53:40
$ERDrun19.dat
$B(14:33:41) = 2.436270  kG
UNITS?
kG

$B(14:33:30) = 0.000000 kG
