    162     165       0       0       0       0       0       0
      0       0       0       0       0       0       0       0
      0       0       0      15     956    1234    1169    1221
   1135    1160    1106    1157    1181    1160    1066    1144
   1109    1190    1098    1071    1115    1079    1083    1085
   1057    1011    1039    1137    1027    1036    1039    1076
   1038     974     917     978    1011    1009     921    1024
    988    1046     968     952     932    1007     977     952
    952     857     932     874     981     910     881     913
    847     916     866     893     870     890     860     950
    836     859     854     868     852     857     804     891
    916     861     839     815     792     799     820     835
    748     839     792     802     809     782     791     806
    761     734     784     822     755     790     844     743
    787     781     787     811     729     757     737     740
    709     674     721     764     740     732     708     746
    723     677     670     755     704     615     675     697
    683     696     698     667     641     672     632     650
    631     662     650     682     688     607     618     648
    658     629     613     630     576     595     641     634
    604     550     612     578     610     577     622     561
    621     611     586     586     576     610     588     541
    564     552     600     604     566     548     570     597
    560     528     576     557     579     550     545     533
    560     513     541     503     523     511     547     502
    488     505     461     515     527     514     477     529
    487     495     475     492     509     563     577     650
    681     726     779     752     714     633     572     630
    662     817     903     729     621     542     491     516
    511     504     504     512     535     552     614     549
    505     458     479     498     564     526     487     427
    415     367     369     376     376     354     349     349
    334     309     335     390     376     322     268     265
    219     239     226     192     187     205     193     192
    198     200     216     233     242     223     240     267
    273     289     282     259     282     277     308     337
    321     361     456     529     809    1074    1835    3232
   5649    8811   12277   15213   17004   17698   17744   15514
  11939    7858    4937    3464    2662    2161    1546    1039
    731     453     298     196     108      88      61      37
     32      26      29      24      20      11      13      17
     12      23      11       8      15      11      13      16
     10       8      10      11      16       6      17      16
      8      12       7       3       8       9      14      17
     11       7      10      15       8       4      11       6
     14       6      13      12      11       5       6       8
     15      10       7       3       7       7       6      10
      9       6       7      11      10       8      10      10
      9       9      11      11       8      15       7       4
      8       8       8       7       9       8       3       4
      7      11       7       9       8       6       9       9
      9       7       6       5       5       8      10       7
      6       3       4       5       6       7       5       4
      5       5       5       3       3       8       6       3
      9       5       4      11       4       2       2       3
      2      12       6       8       4       3       4       2
      2       8       1       4       5       2       5       2
      2       7       5       4       3       4       5       5
      5       4       6       5       3       2       6       6
      7       5       5       4       2       2       4       5
      3       1       5       5       3       2       7       7
      3       1       5       3       3       5       3       1
      4       3       3       6       3       4       7       4
      3       3       2       5       6       5       3       4
      5       7       2       0       3       1       1       3
      1       4       3       4       1       4       4       3
      2       2       4       2       2       3       4       4
      4       3       4       2       7       4       7       6
      2       4       2       3       2       5       4       3
      4       5       1       5       4       1       4       3
      8       3       1       3       1       5       1       9
      1       5       3       3       4       2       3       5
      3       4       1       2       1       4       2       6
      5       0       3       3       1       1       2       6
      2       5       1       4       2       2       7       2
      6       2       4       3       1       5       1       4
      4       7       4       5       5       3      10       2
      8      13       4       7       5       9       3       3
      3       2       1       0       2       0       1       0
      1       0       0       0       0       0       0       0
      0       0       0       0       0       0       0       0
      0       0       0       0       0       0       0       0
      0       0       0       1       0       0       1       0
      0       0       0       0       1       1       0       0
      0       0       0       0       0       0       0       0
      0       0       0       0       0       0       0       0
      0       0       0       0       0       0       0       0
      0       0       0       0       0       0       0       0
      0       0       0       0       0       0       0       0
      0       0       0       0       0       0       0       0
      0       0       0       0       0       0       0       0
      0       0       0       0       0       0       0       0
      0       0       0       0       0       0       0       0
      0       0       0       0       0       0       0       0
      0       0       0       0       0       1       0       0
      0       0       0       0       0       0       0       0
      0       0       0       0       0       0       0       0
      0       0       0       0       0       0       0       0
      0       0       1       0       0       0       0       0
      0       0       0       0       0       0       0       0
      0       0       0       0       0       0       0       0
      0       0       0       0       0       0       0       0
      0       0       0       0       0       0       0       0
      0       0       0       0       0       0       0       0
      0       0       0       0       0       0       0       0
      0       0       0       0       0       0       0       0
      0       0       0       0       0       0       0       0
      0       0       0       0       0       0       0       0
      0       0       0       0       0       0       0       0
      0       0       0       0       0       0       0       0
      0       0       0       0       0       0       0       0
      0       0       0       0       0       0       1       0
      0       0       0       0       0       0       0       0
      0       0       0       0       0       0       0       0
      0       0       0       0       0       0       0       0
      0       0       0       0       0       0       0       0
      0       0       0       0       0       0       0       0
      0       0       0       0       0       0       0       0
      0       0       0       0       0       0       0       0
      0       0       0       0       0       0       0       0
      0       0       0       0       0       0       0       0
      0       0       0       0       0       0       0       0
      0       0       0       0       0       0       0       0
      0       0       0       0       0       0       0       0
      0       0       0       0       0       0       0       0
      0       0       0       0       0       0       0       0
      0       0       0       0       0       0       0       0
      0       0       0       0       0       0       0       0
$Angles (tilt,azimute): 0 0
$Date & Time          :23-11-2022         15:42:00
$RBS2run28.dat
$B(15:39:11) = 2.436570 kG
$B(15:38:30) = 2.436570 kG
