   1160    1192       0       0       0       0       0       0
      0       0       0       0       0       0       0       3
     86    2222   26395   43962   74695   83344   78343   72258
  66730   61737   56978   52747   47820   43543   39222   35351
  31913   28549   25971   23495   21317   19319   17511   15475
  13620   11954   10426    9091    7824    6966    6214    5485
   4987    4597    4208    3926    3772    3492    3364    3180
   3024    2920    2818    2717    2739    2580    2592    2526
   2480    2522    2399    2438    2443    2469    2342    2291
   2322    2423    2385    2338    2239    2332    2238    2352
   2344    2207    2217    2253    2273    2210    2290    2256
   2205    2224    2258    2261    2191    2205    2243    2356
   2215    2247    2323    2282    2204    2212    2258    2180
   2211    2222    2224    2237    2178    2182    2236    2234
   2167    2148    2207    2267    2130    2186    2308    2168
   2165    2225    2229    2185    2132    2242    2226    2199
   2178    2097    2167    2156    2170    2235    2155    2253
   2218    2240    2284    2185    2134    2227    2272    2234
   2202    2208    2148    2227    2257    2276    2242    2334
   2202    2217    2142    2272    2298    2165    2194    2181
   2177    2239    2151    2206    2308    2273    2219    2220
   2206    2310    2191    2272    2227    2177    2206    2251
   2190    2181    2183    2131    2209    2231    2250    2188
   2289    2220    2207    2087    2142    2219    2203    2178
   2143    2183    2216    2094    2113    2211    2253    2186
   2236    2137    2256    2230    2197    2172    2173    2261
   2241    2218    2259    2214    2198    2136    2245    2223
   2248    2251    2217    2165    2170    2225    2236    2237
   2288    2200    2149    2248    2254    2221    2280    2258
   2196    2215    2196    2203    2320    2210    2160    2287
   2280    2242    2290    2148    2252    2267    2263    2299
   2298    2173    2348    2266    2314    2256    2294    2320
   2290    2228    2280    2181    2302    2301    2329    2205
   2261    2254    2308    2265    2309    2237    2290    2290
   2310    2321    2306    2277    2319    2277    2286    2276
   2224    2365    2300    2463    2328    2330    2293    2405
   2346    2319    2381    2287    2250    2271    2377    2351
   2302    2307    2354    2313    2303    2250    2316    2293
   2204    2304    2210    2302    2335    2348    2301    2284
   2229    2323    2342    2370    2313    2261    2320    2296
   2304    2269    2245    2257    2325    2400    2277    2264
   2387    2231    2273    2275    2244    2289    2304    2377
   2300    2313    2289    2325    2321    2318    2284    2293
   2244    2335    2330    2313    2355    2321    2227    2317
   2255    2357    2360    2228    2311    2274    2291    2258
   2280    2304    2379    2340    2357    2265    2314    2305
   2258    2312    2336    2281    2221    2315    2227    2316
   2357    2282    2281    2304    2381    2340    2268    2244
   2300    2385    2307    2174    2190    2351    2269    2290
   2233    2292    2307    2247    2358    2286    2310    2299
   2309    2293    2263    2293    2248    2452    2308    2379
   2241    2361    2216    2283    2282    2340    2269    2293
   2292    2394    2347    2231    2392    2324    2302    2385
   2400    2378    2352    2386    2343    2436    2362    2384
   2407    2466    2441    2328    2374    2399    2439    2399
   2488    2439    2442    2442    2476    2489    2424    2525
   2462    2455    2558    2528    2647    2622    2500    2542
   2499    2580    2557    2523    2527    2573    2554    2609
   2635    2632    2691    2739    2607    2727    2631    2680
   2657    2806    2623    2637    2766    2787    2768    2722
   2670    2725    2681    2670    2765    2829    2727    2710
   2831    2782    2629    2774    2793    2861    2812    2871
   2909    2862    2881    2835    2842    2869    2836    2863
   2947    3025    2812    2869    2949    2878    3008    2972
   2982    2973    2983    3051    2949    3105    2962    2975
   3017    3120    2987    3073    3054    3070    3158    3021
   3092    3223    3050    3139    3177    3225    3177    3088
   3146    3163    3220    3167    3130    3189    3176    3295
   3278    3240    3208    3299    3276    3417    3392    3293
   3417    3425    3427    3442    3461    3389    3527    3404
   3342    3495    3375    3469    3334    3377    3390    3326
   3224    3187    3062    3060    2958    2888    2816    2800
   2777    2688    2659    2594    2580    2578    2506    2588
   2569    2512    2432    2449    2469    2449    2445    2318
   2379    2382    2390    2277    2303    2254    2391    2260
   2381    2318    2201    2329    2261    2301    2387    2168
   2245    2250    2226    2188    2184    2207    2215    2149
   2096    2052    2033    2031    1963    1951    1874    1949
   1847    1887    1892    1860    1930    1907    1871    1882
   1891    1937    1806    1843    1792    1780    1695    1683
   1719    1604    1595    1573    1592    1610    1598    1453
   1558    1494    1435    1357    1419    1388    1318    1386
   1299    1265    1223    1226    1163    1156    1060    1055
   1035    1024     983     999     966     878     873     824
    819     785     713     702     647     685     649     586
    546     547     531     520     490     505     493     484
    488     468     458     441     432     462     489     441
    432     423     460     460     427     433     440     423
    445     400     478     448     466     461     486     557
    526     505     534     566     559     574     557     580
    616     618     672     732     691     759     755     770
    821     849     957     932    1033    1048    1080    1174
   1244    1304    1399    1387    1613    1698    1734    1809
   1999    2206    2348    2477    2777    3032    3206    3535
   3824    4367    4830    5518    6159    7067    8056    8992
   9960   10993   12364   13266   14666   15499   16136   17204
  17828   18610   18925   19274   19409   19888   19861   19944
  19329   18716   17941   16291   15105   13464   11751   10587
   9484    8231    7650    6769    6148    5443    5019    4384
   3887    3468    2981    2676    2258    1950    1799    1494
   1303    1090     879     823     642     574     464     369
    357     254     233     207     192     129     117      99
     90      84      72      73      62      59      58      51
     57      47      43      62      44      53      44      31
     52      46      34      32      36      47      25      46
     45      44      42      30      40      27      31      36
     38      33      26      35      33      43      29      34
     31      26      35      35      28      33      43      37
     33      29      38      38      44      40      45      33
     34      29      29      29      35      32      38      32
     32      38      21      30      31      31      38      30
     39      39      34      35      23      25      31      32
     32      27      35      34      24      25      32      25
     21      33      29      27      26      37      26      23
     34      43      31      25      32      42      37      37
     31      31      30      31      30      39      26      32
     31      41      34      33      29      24      28      30
     24      26      18      19      29      32      24      28
     35      36      29      36      26      28      23      33
     26      28      24      31      31      21      25      29
     21      29      17      28      35      29      30      25
     29      18      25      23      24      33      26      35
     26      35      26      21      25      18      29      28
     24      29      26      26      14      28      26      22
     25      23      22      34      30      25      24      23
     26      29      31      22      29      29      26      31
     25      32      22      22      17      26      25      21
     23      22      22      26      20      26      18      27
$Angles (tilt,azimute): 0 0
$Date & Time          :23-11-2022         14:53:37
$RBS2run19.dat
$B(14:33:41) = 2.436270  kG
UNITS?
kG

$B(14:33:30) = 0.000000 kG
