    133     135       0       0       0       0       0       0
      0       0       0       0       0       0       0       0
      0       0       0       0       0       0       0       0
      0       0       0       0       0       0       0       0
      0       0       0       0       0       0       0       0
      0       0       0       0       0       0       0       0
      0       0       0       0       0       0       0       0
      0       0       0       0       0       0       0       0
      0       0       0       0       0       0       0       0
      0       0       0       0       0       0       0      13
     87     237     330     467     467     431     386     377
    371     384     336     364     349     353     313     348
    327     352     307     321     273     320     322     316
    312     288     301     322     289     321     296     317
    325     293     281     306     282     283     298     279
    341     266     301     296     307     285     276     300
    288     284     316     300     286     284     270     267
    316     274     261     281     290     265     258     276
    284     252     246     287     297     269     281     248
    251     270     269     292     269     278     275     266
    274     263     249     252     237     260     270     245
    280     263     278     262     257     237     243     236
    296     252     283     248     246     275     239     256
    243     262     231     235     264     258     274     245
    229     252     231     238     243     244     258     243
    250     227     260     216     247     248     232     241
    224     235     261     238     227     239     198     232
    235     243     205     221     215     245     225     237
    224     226     217     209     225     202     201     221
    208     232     194     217     219     223     247     199
    215     201     209     220     189     231     227     225
    241     195     220     211     205     198     223     215
    224     226     203     181     198     194     213     213
    213     214     191     228     208     210     210     205
    188     182     172     185     190     189     217     217
    168     177     191     181     193     191     193     183
    198     177     193     149     185     158     183     194
    194     188     166     187     169     159     185     182
    199     180     167     166     166     195     170     171
    154     182     158     162     157     160     167     169
    174     168     168     181     154     162     148     159
    190     178     187     156     160     173     165     153
    180     148     159     158     151     177     149     163
    156     187     134     146     165     139     153     156
    156     155     145     158     146     169     158     174
    139     157     162     154     133     150     157     145
    144     165     141     164     164     171     128     132
    131     145     174     137     153     143     152     145
    137     113     160     134     148     135     138     145
    133     105     121     152     134     136     114     136
    134     142     137     130     149     129     149     120
    128     123     118     152     121     118     121     123
    131     116     115     127     142     123     113     134
    121     107     122     128     141      95     119     138
    114     118     139     109     130     122     134     104
    110     119     106     112     115     108     103     113
    105     129     112     126     126     118     103     115
    123     116     103     107     109     126     114     109
    106      90     104      97     114     116     110     110
     85     110     125     116      90     100      95     101
     79      91      97      90      89      88     112      87
     99      90     102      78      92      78      94     108
     98      89      73      88     111      97      88     100
     97      86      88     107      80      97      82      80
     83     101      79      70      76      94      88      77
     97      74      81      90      84      79      86      66
     80      89      77      72      67      72      67      72
     86      77      68      81      87      88      75      85
     71      68      77      78      63      92      86      78
     80      72      59      66      67      71      77      74
     80      55      63      79      65      72      78      75
     65      72      77      61      60      72      63      47
     78      69      64      64      83      66      66      70
     64      63      68      66      59      75      63      62
     58      65      45      76      65      56      56      48
     49      56      52      81      44      61      59      50
     59      65      59      72      74      55      72      51
     51      56      79      64      58      63      78      59
     52      58      70      63      53      59      60      56
     57      51      65      54      57      42      58      59
     46      50      50      59      53      52      62      53
     44      38      59      51      44      41      53      44
     56      45      53      48      50      49      60      60
     53      66      65      64      66      86      68      67
     67      87      74      59      63      69      55      87
     74      75      73      72      69      69      61      60
     75      59      59      58      56      51      50      52
     55      48      43      51      51      53      38      47
     45      49      52      44      43      39      41      43
     42      47      40      56      65      49      48      50
     45      41      49      46      37      49      53      39
     46      44      45      54      59      67      74      70
    100      96     117     119     147     146     173     191
    180     190     181     177     167     148     165     140
    102     118      99      89      89      73      63      70
     62      51      59      64      47      30      44      49
     45      46      30      42      41      51      41      56
     40      55      51      43      44      42      46      50
     50      39      60      38      35      50      52      58
     36      60      62      38      37      55      50      55
     57      39      44      46      45      54      53      63
     56      48      67      65      82      71      87      79
     84      81     117     125     138     160     129     155
    193     217     268     312     343     454     530     742
    883    1179    1399    1741    2090    2512    2906    3444
   3784    4235    4679    5049    5186    5370    5519    5599
   5413    5110    4857    4227    3765    3248    2783    2340
   1985    1597    1370    1112     985     817     691     579
    513     459     370     296     248     183     183     119
    113      95      94      75      58      50      48      43
     34      49      37      21      18      24      16      14
     18      19       7      14      17      17       6       8
      8      17      10       4       9       8       7       3
     12       9      10       9       6       6       9       4
      3       4       4       4       3       5       4       0
      1       4       2       3       4       1       3       3
      2       7       1       1       2       5       2       1
      1       5       3       1       1       1       1       1
      1       2       3       0       0       1       0       0
      3       1       5       2       1       3       5       1
      3       1       2       2       0       2       3       1
      1       2       0       1       2       1       1       0
      2       2       0       1       1       4       2       1
      1       2       1       0       2       2       2       1
      2       4       0       2       1       1       0       2
      0       1       0       2       2       2       1       1
      1       2       1       0       3       2       1       1
      0       3       1       1       1       2       1       2
$Angles (tilt,azimute): 0 0
$Date & Time          :24-04-2023         16:30:55
$ERDrun27.dat
$B(16:28:35) = -2.282510 kG
$B(16:28:30) = -2.282530 kG
