    174     179       0       0       0       0       0       0
      0       0       0       0       0       0       0       0
      0       0       0       0       0       0       0       0
      0       0       0       0       0       0       0       0
      0       0       0       0       0       0       0       0
      0       0       0       0       0       0       0       0
      0       0       0       0       0       0       0       0
      0       0       0       0       0       0       0       0
      0       0       0       0       0       0       0       0
      0       0       0       0       0       0       2      27
    163     326     457     692     613     635     559     583
    523     514     487     479     457     431     492     473
    416     409     422     468     443     413     401     390
    399     405     411     421     419     380     409     403
    404     382     402     385     361     360     384     360
    357     398     375     405     386     331     381     391
    380     392     366     394     383     361     394     370
    407     341     384     410     399     410     379     355
    331     384     352     317     372     390     347     363
    364     357     331     345     409     375     374     406
    366     365     337     384     351     358     364     346
    362     373     321     350     324     368     354     325
    366     323     370     369     360     333     309     350
    337     391     346     324     326     349     326     322
    358     348     323     350     354     329     322     319
    326     318     340     322     341     342     326     309
    332     277     337     317     288     287     305     319
    280     340     297     313     318     298     308     339
    292     296     355     314     280     299     317     307
    298     322     352     306     316     316     297     302
    308     307     331     307     286     313     315     291
    292     307     295     307     288     318     293     294
    315     273     301     281     297     315     303     290
    302     309     311     295     304     314     308     249
    309     278     302     265     286     309     296     296
    289     315     291     305     271     309     321     287
    281     273     298     269     282     259     294     264
    307     264     278     253     263     307     264     275
    265     285     279     288     301     284     253     281
    261     294     253     281     284     261     265     285
    251     268     322     261     273     272     244     257
    268     229     273     266     276     251     252     233
    271     282     269     218     246     248     258     285
    275     270     263     240     253     257     242     258
    263     242     265     255     280     270     256     246
    259     239     239     263     254     245     266     224
    260     221     231     251     244     250     272     252
    261     234     252     239     242     246     210     244
    238     234     229     249     231     223     222     236
    214     236     237     207     250     228     219     237
    242     227     187     220     221     248     252     222
    251     214     249     218     208     225     238     217
    219     221     213     193     233     219     247     227
    228     221     227     206     221     211     220     253
    218     220     214     223     196     197     203     205
    234     201     216     209     235     226     227     200
    183     211     201     200     206     199     229     212
    216     203     213     198     198     182     207     208
    192     220     198     231     215     177     211     187
    208     179     204     210     200     201     208     188
    193     208     216     191     187     205     170     181
    196     184     200     172     179     171     193     186
    179     212     168     185     175     194     205     164
    200     196     177     191     183     181     180     165
    187     193     179     183     180     174     179     171
    174     204     171     162     184     189     189     173
    174     148     179     167     147     187     144     181
    160     143     183     166     183     171     153     154
    166     148     160     170     154     163     166     151
    183     167     161     157     146     162     146     167
    160     162     159     156     164     164     142     153
    150     156     139     174     121     143     141     149
    161     158     139     137     144     142     139     141
    130     157     138     141     140     137     147     153
    134     153     132     137     149     135     129     127
    125     141     139     137     130     143     122     139
    156     125     129     134     130     139     129     138
    133     123     130     121     118     120     135     153
    144     124     142     133     134     147     138     116
    121     122     133     103     114     122     111     133
     99     106     121     119     121     126     140     108
    116     138     131     129     126     115     124     134
    124     113     124     120     127     101     108     132
    117     126     117     114     142     116     118     120
    118     106     103      97     116     110     108     110
    133     129     122     112     117     102     115      95
    100     116     103      98      90     114      86      88
    108      91      99     101      94      97      96      94
     81     102      85      89      88      92     104      97
     88     100     109      95     113     125     110     118
    115     157     143     127     163     154     187     191
    210     192     233     208     219     192     223     218
    189     173     186     176     173     184     160     155
    159     138     126     130     132     111     106      90
    105      94     106      98      79      92      84      80
     89      77      72      89      74      81     104      86
     78     100      75      96      68     110      76      91
     81      88     102      84      99      89     107     114
     88     105     113      93     111      97      99     115
    111     135     124     116     124     117     137     164
    143     154     192     228     208     236     263     306
    346     420     436     528     590     674     775     974
   1157    1352    1526    1739    1999    2293    2560    2755
   2983    3350    3734    4001    4196    4495    4866    5137
   5306    5608    5724    5855    6071    6149    6463    6726
   6798    6735    6612    6593    6473    6247    6018    5508
   5087    4670    4109    3712    3342    2877    2584    2289
   2074    1756    1563    1428    1347    1104     950     828
    683     632     531     456     379     344     322     279
    241     183     153     138     108      96      80      92
     75      55      56      54      52      47      38      32
     26      28      27      28      16      16      18      12
     23      19      18      17      11      17      11       9
      9      11      11      16      14       6       8       7
     12       4      11      13       7       6       4      12
      4       8       7       5       3       7       9       8
      1       6       4       7      10       3       2       4
      3       2       6       4       8       3       1       3
      3       5       3       6       3       2       6       2
      8       2       1       6       3       3       4       5
      5       4       5       8       6       5       3       5
      3       6       4       4       4       5       2       6
      5       4       1       5       7       4       8       3
      1       4       5       6       3       3       8       4
      4       9       6       3       5       4       4       2
      4       3       2       2       5       6       3       3
      6       3       0       5       5       6       4       2
      0       3       7       2       0       3       3       4
$Angles (tilt,azimute): 0 0
$Date & Time          :24-04-2023         14:17:06
$ERDrun13.dat
$B(14:14:04) = -2.282310 kG
$B(14:07:29) = -2.282120 kG
