    139     143       0       0       0       0       0       0
      0       0       0       0       0       0       0       0
      0       0       0       0       0       0       0       0
      0       0       0       0       0       0       0       0
      0       0       0       0       0       0       0       0
      0       0       0       0       0       0       0       0
      0       0       0       0       0       0       0       0
      0       0       0       0       0       0       0       0
      0       0       0       0       0       0       0       0
      0       0       0       0       0       0       0      12
     64     184     321     502     471     481     486     431
    496     409     433     412     420     408     376     378
    384     376     357     398     378     392     363     370
    375     372     398     376     378     369     348     373
    349     375     341     367     360     302     358     325
    362     341     324     339     338     321     339     337
    316     332     332     338     322     347     291     321
    315     346     312     321     327     352     340     315
    333     328     309     332     309     297     348     313
    326     328     359     342     338     340     314     295
    312     314     321     318     317     311     351     311
    292     317     295     317     280     301     299     322
    286     307     307     318     291     307     359     291
    314     298     276     300     327     313     287     302
    321     279     301     280     276     280     269     277
    298     279     259     289     281     295     258     283
    258     285     271     276     291     258     308     289
    300     258     271     277     294     255     292     263
    286     238     261     291     292     251     265     233
    271     269     292     288     247     265     280     233
    236     253     262     278     239     236     243     252
    251     248     219     247     290     258     246     235
    267     258     228     241     247     261     250     244
    243     241     249     237     243     227     244     254
    240     221     242     239     224     243     245     224
    268     250     242     241     226     220     243     221
    196     211     233     199     245     224     233     204
    196     204     229     238     227     196     214     246
    226     219     208     211     244     189     231     230
    203     230     219     227     207     228     209     263
    239     224     190     213     224     196     188     213
    207     218     214     236     183     205     233     216
    217     206     204     199     196     198     207     208
    212     185     187     180     200     185     196     206
    218     204     197     211     211     192     187     200
    213     200     176     212     198     195     180     184
    168     183     204     177     195     196     184     171
    174     174     180     187     209     174     175     186
    176     185     178     173     185     186     166     194
    173     151     195     162     152     152     181     181
    201     163     194     152     178     173     148     181
    171     191     189     157     172     172     180     170
    171     190     178     141     170     166     157     156
    146     145     164     132     142     148     157     176
    169     161     153     148     160     168     154     141
    139     160     141     148     126     153     158     130
    167     159     144     139     150     145     126     146
    139     142     159     153     150     161     134     163
    144     133     130     131     134     118     158     131
    119     147     118     134     145     138     140     136
    123     141     141     124     144     141     124     117
    124     112     116     124     122     149     156     115
    128     155     130     124     131     129     134     115
    118     118     113     121     125     111     127     128
    126     141     114     125     132     116     104     138
    129     115     120     120     106     130     103     114
    115     114     106     126      98     112     114      94
    112     107     114     110     100     106     103      93
    100     105     102      93     100     120     114     132
     99     115     108     105      98      82      96     112
     90     111      85      80      98     105      93     100
    105      92      88     111      96     100      97      98
     92      91     111      80      87      84      91      88
     99      93      97      91      77      91     102     105
     97      77      77     100      79     106      87      78
     84      92      85      99      94      83      99      91
     77      90     102      79      86      98      80     102
     78      87      97      76      83      96      75      77
     79      62     103      75      91      94      85      87
     92      89      84      94      82      77      76      84
     67      86      61      68      73      65      72      80
     76      80      78      72      81      86      68      75
     92      87      88      85      79      87      86      95
     69     111     104      74     102      87      90      79
     96      91      93      93      85      74      85      86
     86      78      76      73      75      90      80      79
     88      93      84      61      81      67      64      77
     75      69      68      63      67      62      67      72
     61      70      66      56      63      62      65      70
     66      62      56      54      72      54      50      73
     71      63      70      58      61      75      76      85
     66     103      91      90     102     110     126     144
    134     154     177     175     172     183     165     206
    219     178     176     161     150     156     134     150
    121     119     102      91     116      84      94      83
     77      79      77      78      58      77      61      89
     61      66      61      67      79      60      61      55
     76      77      67      63      76      75      97      74
     67      78      81      83      83      66      65      85
     78      71      90      84      83      91      60      71
     75      85      80      98      94      96     105      87
    102      97      94     104     119     140     156     148
    176     217     246     258     284     367     447     523
    591     723     952    1057    1227    1527    1660    2104
   2293    2597    2966    3259    3563    3874    4203    4480
   4830    4935    5429    5597    5911    6072    6251    6173
   6167    6256    6056    5927    5444    5033    4407    3822
   3438    2947    2552    2170    1756    1597    1368    1217
   1044     889     768     639     573     490     422     357
    305     222     226     175     134     127     120      97
     84      68      72      50      43      43      32      36
     26      23      14      20      32      17      19      18
     11      11      13       5      10       9      15      13
     10      11      15       7      10      13       8       4
      8       4       6       8       5       4       3       6
      6       5       6       5       3       2       4       5
      4       4       5       6       2       2       3       4
      3       2       7       1       5       6       4       2
      6       5       1       3       4       1       3       3
      0       3       4       3       4       4       5       3
      4       2       2       2       1       3       2       2
      4       5       0       2       4       0       1       4
      1       1       3       2       2       1       2       5
      2       4       2       0       1       2       2       2
      3       1       2       3       3       4       0       4
      2       1       2       2       4       2       5       3
      2       3       1       2       2       0       2       0
      1       2       1       1       2       4       3       0
$Angles (tilt,azimute): 0 0
$Date & Time          :24-04-2023         16:20:21
$ERDrun23.dat
$B(16:17:54) = -2.282260 kG
$B(16:17:41) = -2.282240 kG
