    141     147       0       0       0       0       0       0
      0       0       0       0       0       0       0       0
      0       0       0       0       0       0       0       0
      0       0       0       0       0       0       0       0
      0       0       0       0       0       0       0       0
      0       0       0       0       0       0       0       0
      0       0       0       0       0       0       0       0
      0       0       0       0       0       0       0       0
      0       0       0       0       0       0       0       0
      0       0       0       0       0       0       2      20
     99     192     349     586     574     606     556     467
    488     485     446     420     425     432     420     434
    387     397     424     437     404     399     399     411
    351     387     397     403     383     344     358     367
    357     416     359     344     393     381     340     368
    325     361     354     365     340     376     344     355
    371     345     345     371     329     355     341     319
    353     336     382     358     345     319     348     356
    341     334     373     388     353     344     349     327
    340     351     327     327     345     313     322     324
    315     347     310     347     311     335     329     328
    318     329     335     332     302     315     312     347
    332     303     312     311     320     282     292     312
    306     252     299     301     306     320     295     313
    320     306     259     328     283     327     300     334
    302     307     324     283     289     285     272     317
    275     283     311     298     270     297     258     287
    284     283     274     300     279     264     280     261
    302     283     278     291     267     262     285     297
    255     271     282     259     295     252     251     302
    273     279     267     248     277     264     279     252
    258     280     282     259     280     273     258     259
    281     273     278     286     270     249     251     246
    289     282     257     278     248     277     267     234
    252     275     272     283     256     253     257     223
    258     219     249     264     231     232     223     236
    268     237     236     255     253     232     226     233
    261     227     251     250     219     230     249     277
    228     240     218     245     222     213     259     206
    245     241     249     246     202     233     231     231
    249     245     222     242     229     227     224     238
    217     212     228     223     222     236     212     228
    250     218     223     220     234     217     235     219
    203     211     213     234     207     236     193     188
    218     212     218     211     199     213     199     188
    214     206     224     193     195     201     198     195
    190     196     218     220     204     231     197     202
    200     200     212     178     210     197     206     187
    204     210     202     183     184     189     210     183
    186     176     183     200     200     174     189     207
    226     177     192     198     175     172     172     180
    182     175     189     166     171     165     187     186
    193     178     203     179     176     177     176     178
    196     184     182     188     178     171     159     166
    210     186     149     175     175     189     186     202
    164     173     182     187     153     196     158     170
    181     167     162     186     183     162     170     164
    191     178     179     152     158     172     179     165
    168     146     174     157     168     145     172     179
    141     159     133     162     145     156     176     152
    151     185     156     163     173     165     155     154
    156     167     155     143     166     160     160     164
    158     156     144     160     154     165     144     154
    145     148     136     139     149     157     142     148
    145     163     151     143     128     145     160     163
    126     137     148     126     142     156     145     136
    150     149     150     145     123     140     129     131
    151     123     142     121     127     120     127     137
    137     133     138     136     131     127     115     129
    141     131     124     123     143     123     134     123
    133     131     124     132     111     137     145     139
    125     138     111     136     124     126     135     129
    119     136     112     129     134     120     119     119
    126     123     123     121     129      88     117     152
    135     141      93     117     132     142     109     144
    122     132     104     138     119     127     135     112
    122     129     111     138     121     113     138     113
    119     116     113     125     134      94     116     117
    109      97      94     115     123     111     100     143
    106     122     102     101     122     117     108     113
    124     124     104     121     124     105     110     116
     98     102     104     116     103     138     114     116
    128     133     118     145     144     136     116     126
    125     115     107     126     124     122     129     120
    103      92      99     104     118     104     131     115
    141     131     122     128     109     108     120     116
    123     119     109     105     110     105     113     128
    107     102     108     111     105     109     111     108
    120     111     129     109     114     111     109     124
    105     120     127     120     118     162     150     143
    154     151     169     187     163     181     161     211
    168     197     194     197     227     217     204     183
    184     184     206     171     171     183     177     186
    190     159     160     171     165     122     133     143
    142     119     131     129     112     126     119     114
    108     115      87     113     114     110     122     106
    105     101     124     115     109     116     130     136
    127     133     119     154     160     118     145     135
    147     164     162     169     142     183     203     194
    221     183     237     222     270     275     324     320
    354     354     407     457     536     576     652     711
    812     871    1019    1126    1199    1383    1619    1816
   1935    2098    2396    2608    2793    3043    3204    3421
   3676    3975    4293    4397    4662    4935    4956    5299
   5512    5724    5840    5946    6107    6233    6343    6558
   6568    6676    6979    6945    6866    6965    6936    6903
   6674    6417    6097    5751    5362    5012    4398    3921
   3517    3222    2861    2609    2362    2016    1898    1573
   1559    1276    1175    1019     909     830     665     575
    532     415     372     313     289     271     226     197
    174     125     130      98      89      70      86      62
     66      59      54      35      29      37      26      24
     20      19      16      31      25      11      17      16
     14      14      13      13      11      13      14      12
      6      14      10      13       9       6      13       5
      9       6       8       6       9       7       3       8
      9       2       6       2       2       5       3       5
      5       8       7       2       3       5       6       3
      6       5       6       4       7      10       3       4
      4       3       6       2       2       3       4       6
      1       6       3       3       3       5       2       3
      7       3       2       7       7       6       4       4
      4       3       2       4       5       5       8       2
      3       3       5       1       3       5       5       0
     11       6       2       3       5       4       6       7
      4       3       1       2       3       8       3       4
      3       7       3       3       4       4       5       4
      5       4       2       2       4       5       0       1
$Angles (tilt,azimute): 0 0
$Date & Time          :24-04-2023         15:58:54
$ERDrun15.dat
$B(15:56:23) = -2.282160 kG
$B(15:56:11) = -2.282110 kG
