    190     194       0       0       0       0       0       0
      0       0       0       0       0       0       0       0
      0       0       0       0       0       0       0       0
      0       0       0       0       0       0       0       0
      0       0       0       0       0       0       0       0
      0       0       0       0       0       0       0       0
      0       0       0       0       0       0       0       0
      0       0       0       0       0       0       0       0
      0       0       0       0       0       0       0       0
      0       0       0       0       0       0       0       2
     22      29     177     438     419     392     365     393
    424     359     413     353     359     326     366     380
    346     381     373     335     353     338     345     363
    357     354     360     333     324     345     331     343
    342     320     326     341     362     371     351     350
    325     306     358     307     306     329     297     356
    296     300     302     334     339     341     316     313
    318     298     298     328     298     302     354     338
    328     289     338     297     310     285     310     301
    305     284     298     306     317     314     317     299
    303     315     298     287     289     286     277     293
    312     296     274     288     271     302     283     266
    265     270     316     283     289     261     300     299
    271     252     314     281     281     244     306     318
    279     264     277     284     253     288     273     274
    245     269     267     281     266     254     267     294
    281     231     261     246     265     256     271     269
    270     241     229     253     236     268     255     256
    262     248     265     255     242     258     255     269
    239     255     267     260     260     229     279     258
    218     239     222     238     247     230     238     242
    264     228     214     239     256     237     200     238
    239     220     239     254     243     236     225     231
    222     227     243     230     220     258     237     214
    236     239     199     245     227     211     220     202
    217     232     233     230     211     202     219     219
    225     209     215     186     209     195     220     176
    234     200     221     211     220     190     198     200
    179     230     204     204     216     223     202     218
    203     228     215     221     220     229     203     216
    192     206     201     189     204     203     180     186
    198     197     199     201     184     199     183     189
    202     196     166     188     181     198     174     185
    194     190     185     167     170     187     188     201
    184     175     169     188     177     184     195     194
    187     215     159     166     182     203     184     167
    181     176     192     152     167     160     187     175
    185     202     165     148     184     184     173     161
    160     189     159     174     161     165     154     165
    146     141     136     163     196     171     170     173
    146     177     145     161     169     149     168     157
    170     152     122     158     142     155     143     165
    120     152     158     159     175     170     176     140
    140     159     144     136     134     130     156     155
    144     136     129     148     118     144     147     140
    173     151     142     137     128     136     161     152
    139     132     151     121     116     140     148     121
    127     134     137     133     136     160     147     109
    162     132     132     137     132     145     145     129
    144     100     138     138     124     131     110     124
    108     126     113     125     124     128     122     124
    120      97      93     139     101     119     106     111
    107     120     117     118     106     112     118     106
    110     121     102     107     110     122     142     107
     99      97     126     113      97     123     106      89
    110      94      83     105     103      98     106      92
    123     107     115     109     119      89     100     113
     96     103     116      97     105     103     103      92
    116     112      99      92      93     113      79     111
     89     105     108     121      97      88      87      91
     96      98      96      72      90      85      96      99
     90      89      90      94      92      95      97      86
     92      70      88     100      73      80      80      81
     84      95      84      84     101      97      79      77
     80      96      86      91      77      68      81      83
     95      68      74      73      63      65      87      76
     82      86      91      90      79      78      88      86
     88      82      75      71      85      69      94      71
     73      74      69      78      92      74      75      87
     88      75      88      88      63      84      60      69
     71      74      67      69      72      66      88      58
     75      66      59      67      55      63      66      71
     68      67      78      61      67      69      56      52
     67      82      58      67      90      70      72      73
     80      73      80      73      89      86      66      77
     82      77      70      65      73      79      82      77
     78      75      83      76      62      71      70      67
     75      54      66      70      72      81      89      63
     63      67      63      64      58      62      52      43
     45      72      62      69      68      63      42      64
     64      42      54      55      59      76      55      58
     61      66      68      58      52      57      60      70
     64      47      71      67      68      64      68      65
     58      49      51      62      48      45      48      60
     46      53      60      58      45      66      59      49
     65      53      60      58      53      46      57      63
     64      47      40      62      65      60      54      52
     63      68      60      65      64      81      67      82
     90      55      68      84      61      58      60      60
     64      62      78      62      62      58      77      68
     64      64      64      76      75      67      64      75
     82      90      70      82      83      95      97     106
    140     147     159     178     189     237     283     308
    394     465     610     747     912    1021    1371    1534
   1866    2172    2489    2844    3240    3589    3948    4316
   4733    4884    5258    5418    5878    6037    6060    6223
   6316    6477    6272    6157    5808    5419    4663    4152
   3597    2893    2425    2049    1718    1361    1166     930
    810     701     560     480     416     311     262     203
    165     176     130     117      98      91      61      66
     46      37      30      30      26      29      22      23
     21      20      17      15      19      22      13      11
      8      12       8      11      11       8      12       8
     10       9       9       6       5       6       5       3
      3       9       3       3       5       4       3       2
      1       5       0       4       4       2       1       1
      3       1       2       0       3       1       2       1
      3       1       1       4       1       1       3       1
      4       3       2       2       1       3       1       2
      0       1       0       1       1       0       1       1
      3       0       3       2       0       1       5       1
      1       1       0       0       2       3       5       1
      1       1       0       1       0       2       3       0
      2       0       3       0       2       2       2       1
      4       1       2       0       0       1       7       1
      2       1       0       1       1       1       2       2
      0       5       1       1       0       0       2       1
      0       1       1       0       1       0       3       1
$Angles (tilt,azimute): 0 0
$Date & Time          :24-04-2023         13:33:10
$ERDrun03.dat
$B(13:29:52) = -2.282330 kG
$B(13:29:51) = -2.282320 kG
