    190     193       0       0       0       0       0       0
      0       0       0       0       0       0       0       0
      0       0       0       0       0       0       0       0
      0       0       0       0       0       0       0       0
      0       0       0       0       0       0       0       0
      0       0       0       0       0       0       0       0
      0       0       0       0       0       0       0       0
      0       0       0       0       0       0       0       0
      0       0       0       0       0       0       0       0
      0       0       0       0       0       0       0       0
      0       0       0       0       0       0       0       0
      0       3       0     122     411     399     397     424
    382     401     391     380     385     401     384     395
    379     356     407     389     357     335     350     376
    354     388     338     381     369     372     394     347
    352     387     346     383     399     350     357     366
    364     353     385     363     352     349     361     363
    362     334     338     356     343     364     318     389
    353     331     306     313     312     324     331     368
    323     322     326     351     372     363     313     326
    300     320     310     325     312     311     326     326
    284     328     316     326     331     345     311     353
    312     311     308     301     334     306     322     338
    312     324     287     307     326     327     304     317
    291     287     288     349     287     266     320     287
    286     279     284     276     314     300     290     280
    283     310     300     324     278     293     273     305
    303     277     274     289     293     289     260     270
    302     287     269     281     257     270     285     273
    284     292     278     270     293     278     257     272
    246     276     267     257     231     274     292     283
    251     257     268     267     253     231     244     275
    291     272     291     255     286     246     234     226
    283     246     250     257     244     261     242     240
    245     243     254     244     233     271     230     272
    266     261     260     254     235     235     233     226
    242     258     213     226     240     255     211     243
    222     214     222     256     229     246     225     228
    236     237     217     221     247     225     217     243
    231     239     239     230     226     216     244     225
    189     214     240     209     197     250     221     219
    191     235     205     209     197     229     201     205
    219     188     212     200     210     213     223     204
    221     211     222     206     212     205     192     192
    164     203     212     202     184     188     200     208
    216     186     208     196     187     193     202     193
    227     209     184     156     177     189     191     171
    189     174     184     196     208     169     171     191
    189     169     176     202     164     175     176     173
    162     175     196     173     163     186     176     150
    151     164     202     170     167     165     190     160
    151     193     173     178     156     158     152     177
    165     167     165     167     161     155     144     181
    133     165     165     160     139     150     138     153
    149     144     163     156     143     146     167     160
    164     136     153     157     154     156     159     130
    149     151     165     145     141     138     141     133
    143     147     145     142     141     154     136     134
    155     121     139     144     138     121     113     132
    132     119     130     135     125     121     128     127
    125     121     134     140     119     148     130     136
    129     133     137     121     114     142     118     123
    122     112     118     133     114     101     111     126
    136     109     108     114     131     127     110      95
    114     125     123     127     108     112     103     107
    113     110     113     113     111     106     126      90
    107     119     104     114     105      99     122      94
     93      95     106     107     118     103     103      92
     93     104      92     117      99      96     102      95
    105     105     114      98     105     101      91     107
     99      81     110      88      90      94      91      74
     89      87      95      85      94      88     105      81
     83      75     107      99      82     101      94      91
    103      96      76      90     103      70      92      89
    109      72      82      76      88     100      99      91
     80      94      81      66      78      69      75     103
     71      60      67      85      84      75      72      65
     71      62      75      65      63      62      72      90
     85      78      64      77      83      63      65      71
     61      74      78      72      75      67      98      84
     86      81      77      65      73      75      68      76
     79      69      79      81      85      95      64      64
     75      72      72      79      65      58      68      56
     74      61      68      58      58      60      66      48
     70      67      79      62      66      59      59      53
     92      54      56      54      57      58      64      67
     52      59      51      51      64      54      50      70
     48      65      62      64      54      70      41      59
     47      57      69      56      54      42      53      44
     59      49      45      52      52      57      50      61
     43      49      44      49      65      55      60      51
     60      57      64      57      45      54      64      58
     45      46      51      54      65      51      48      51
     65      59      51      47      51      48      53      37
     53      42      45      36      58      51      41      46
     45      37      40      41      46      47      39      51
     39      42      46      46      58      50      87     111
     93     139     151     199     226     269     377     502
    645     796    1001    1164    1609    1936    2242    2698
   3180    3643    4251    4694    5041    5427    5838    6255
   6625    6902    6890    7168    7177    7233    7208    6989
   6449    5682    4740    3503    2430    1498     830     474
    205     117      87      53      37      37      33      19
     23      16      16      13       8       6       5       9
      8       6       6       3       3       3       1       5
      5       1       5       7       5       0       3       5
      0       3       2       6       4       1       4       3
      1       3       2       3       3       5       1       1
      3       4       1       4       3       3       3       1
      3       3       4       1       1       3       1       3
      0       1       1       0       2       1       0       2
      4       2       5       3       2       1       1       0
      1       1       1       0       4       1       4       0
      1       1       3       1       2       0       2       3
      2       2       4       1       4       2       1       3
      1       1       1       2       0       2       4       4
      0       2       0       4       1       1       2       2
      2       1       1       1       1       4       3       2
      1       1       0       1       2       1       0       0
      7       1       0       2       2       2       1       0
      2       4       1       1       1       1       1       3
      0       1       2       2       2       2       2       0
      2       1       0       0       0       0       2       2
      1       1       0       2       1       1       0       0
      1       0       5       0       1       0       1       1
      0       3       2       1       0       0       0       0
      0       1       1       0       0       0       3       1
      1       3       1       1       1       0       0       3
$Angles (tilt,azimute): 0 0
$Date & Time          :24-04-2023         13:36:41
$RBS1run04.dat
$B(13:33:24) = -2.282280 kG
$B(13:33:14) = -2.282260 kG
