    125     129       0       0       0       0       0       0
      0       0       0       0       0       0       0       0
      0       0       0       0       0       0       0       0
      0       0       0       0       0       0       0       0
      0       0       0       0       0       0       0       0
      0       0       0       0       0       0       0       0
      0       0       0       0       0       0       0       0
      0       0       0       0       0       0       0       0
      0       0       0       0       0       0       0       0
      0       0       0       0       0       0       0       0
      0       0       0       0       0       0       0       0
      1       3       4     127     468     428     430     477
    432     475     424     429     414     419     425     412
    439     409     393     453     416     392     395     370
    440     380     370     422     407     391     403     387
    416     413     386     422     412     383     401     395
    384     409     403     371     389     413     379     397
    391     391     407     387     358     361     400     399
    390     372     339     350     369     415     394     375
    334     378     380     324     381     377     363     346
    380     371     374     347     448     388     380     348
    357     349     375     377     370     316     338     374
    331     334     364     332     347     373     343     383
    362     385     350     334     344     369     352     347
    316     335     315     319     338     351     331     355
    352     343     329     355     318     332     331     342
    307     329     298     323     338     282     321     322
    330     288     322     312     315     304     282     302
    315     306     280     313     309     320     297     334
    302     309     336     290     311     302     333     295
    320     329     306     310     276     286     273     271
    312     318     331     279     327     304     308     273
    288     283     296     276     302     313     267     292
    278     299     284     286     271     291     311     288
    268     262     317     283     294     265     326     242
    274     281     279     283     273     280     270     288
    288     281     298     292     282     267     273     288
    256     299     267     252     253     269     272     265
    270     291     269     250     258     228     268     267
    221     272     263     260     249     254     239     268
    259     225     226     242     242     238     272     238
    235     263     228     253     242     280     235     253
    253     250     223     247     251     253     256     238
    227     249     244     241     229     242     220     232
    239     230     221     202     229     222     222     221
    202     234     203     233     217     228     224     236
    215     236     214     223     246     237     199     230
    247     232     209     199     188     226     203     211
    231     231     240     220     189     188     201     226
    222     210     199     213     192     201     209     187
    211     199     204     203     185     192     203     217
    219     173     173     213     192     188     196     183
    189     219     164     185     207     194     204     171
    164     173     201     189     183     183     200     178
    172     181     168     170     173     190     160     176
    198     209     167     180     178     170     170     176
    167     187     170     183     179     177     178     160
    174     160     146     157     174     180     181     149
    184     154     146     156     150     157     148     150
    156     171     145     165     169     153     154     168
    155     164     165     135     160     185     158     170
    146     140     156     153     145     157     154     153
    148     135     143     114     136     151     137     141
    118     158     147     172     147     141     143     140
    122     127     140     134     129     144     130     124
    140     127     131     170     121     114     121     117
    128     124     118     138     132     114     131     119
    122     123     112     107     116     118      85     112
    109     120     129     116     115     113     107     124
    114     105     127      98     116     105     121     103
     90     124     117     105      94     118     120     109
    101     126     106     120     111      84     102     125
    125      96     117     122     110     116     110     112
    109     106      97      88      96      88     122     102
     93      87      95      93     108      95      91     102
    119      88     106      89     104      94      83      81
     93      91      71      80      85     107      99     105
     84      85      88      86      96      87      87     108
     97      90      86     105      82     106      98     107
    116      97     115     102     120      89     103      94
     93     100      83      88      93      76      72      68
     87     101     101      94     112      93      71      90
     69      80      63      69      84      71      64      67
     69      74      66      60      76      67      74      78
     70      61      74      60      61      71      64      80
     80      71      66      81      52      76      79      73
     87      87     107     102     124     139     173     149
    174     228     242     235     259     245     277     277
    255     219     219     235     174     198     160     140
    129     106      95      92      77      73      74      56
     83      66      64      59      64      49      59      57
     63      54      56      59      49      48      50      67
     62      66      51      60      52      52      52      67
     55      51      58      44      60      60      60      53
     45      43      43      56      53      42      43      57
     68      44      40      36      55      52      72      59
     57      80     101     112     102     142     160     200
    263     304     414     496     640     701     904    1110
   1385    1630    2007    2375    2814    3206    3545    4186
   4539    4987    5346    5687    6122    6369    6653    6900
   7012    7325    7397    7425    7456    7320    7479    7220
   6971    6283    5403    4335    3249    2141    1353     794
    469     247     151     117      55      55      41      45
     34      33      18      16      13      16      13       9
      9      10       9       6       8      11       4      10
      5       3       4       3       5       6      10       5
      3       5       5       4       4       7       3      11
      6       2       4       7       2       7       2       5
      9       7       3       5       4       4       3       9
      9       4       2       4       3       3       2       4
      2       2       3       1       7       3       4       3
      6       4       8       4       5       4       4       4
      3       5       2       2       2       6       4       0
      6       6       1       3       4       3      11       4
      4       3       3       1       1       3       4       6
      4       3       2       2       3       1       4       4
      5       1       7       4       4       4       2       2
      0       2       7       2       2       3       3       4
      5       5       2       1       2       3       3       5
      3       3       3       4       2       2       4       0
      0       3       4       4       2       1       3       2
      0       4       3       2       3       2       1       4
      3       5       4       2       0       3       1       2
      3       1       3       6       5       5       4       4
      2       1       4       3       2       2       2       2
      2       1       1       1       2       3       5       4
      4       5       4       0       0       2       5       2
      4       1       1       2       3       5       2       6
$Angles (tilt,azimute): 0 0
$Date & Time          :24-04-2023         16:17:27
$RBS1run22.dat
$B(16:15:14) = -2.282320 kG
$B(16:15:11) = -2.282320 kG
