1 0 
2 0 
3 0 
4 0 
5 0 
6 0 
7 0 
8 0 
9 0 
10 0 
11 0 
12 0 
13 0 
14 0 
15 0 
16 0 
17 0 
18 0 
19 0 
20 0 
21 0 
22 0 
23 0 
24 0 
25 0 
26 0 
27 0 
28 0 
29 0 
30 0 
31 0 
32 0 
33 0 
34 0 
35 0 
36 0 
37 0 
38 0 
39 0 
40 0 
41 0 
42 0 
43 0 
44 0 
45 0 
46 0 
47 0 
48 0 
49 0 
50 0 
51 0 
52 0 
53 0 
54 0 
55 0 
56 0 
57 0 
58 0 
59 0 
60 0 
61 0 
62 0 
63 0 
64 0 
65 0 
66 0 
67 0 
68 0 
69 0 
70 0 
71 0 
72 0 
73 0 
74 0 
75 0 
76 0 
77 0 
78 0 
79 0 
80 0 
81 0 
82 0 
83 0 
84 0 
85 0 
86 0 
87 0 
88 0 
89 2 
90 131 
91 370 
92 364 
93 379 
94 398 
95 395 
96 390 
97 368 
98 382 
99 376 
100 398 
101 374 
102 355 
103 404 
104 378 
105 374 
106 351 
107 369 
108 363 
109 329 
110 398 
111 374 
112 367 
113 371 
114 393 
115 324 
116 344 
117 361 
118 350 
119 335 
120 341 
121 379 
122 360 
123 336 
124 336 
125 335 
126 322 
127 368 
128 346 
129 351 
130 320 
131 371 
132 351 
133 353 
134 349 
135 319 
136 345 
137 336 
138 346 
139 338 
140 317 
141 343 
142 310 
143 323 
144 299 
145 343 
146 319 
147 310 
148 303 
149 315 
150 320 
151 341 
152 315 
153 337 
154 322 
155 322 
156 363 
157 317 
158 314 
159 278 
160 301 
161 311 
162 289 
163 304 
164 332 
165 324 
166 334 
167 301 
168 330 
169 267 
170 314 
171 284 
172 320 
173 308 
174 314 
175 304 
176 303 
177 316 
178 276 
179 281 
180 303 
181 279 
182 291 
183 312 
184 306 
185 275 
186 294 
187 237 
188 299 
189 282 
190 286 
191 279 
192 276 
193 287 
194 322 
195 271 
196 277 
197 288 
198 300 
199 264 
200 278 
201 298 
202 298 
203 280 
204 282 
205 280 
206 259 
207 280 
208 256 
209 286 
210 281 
211 253 
212 274 
213 262 
214 269 
215 261 
216 297 
217 245 
218 321 
219 270 
220 263 
221 267 
222 236 
223 253 
224 243 
225 266 
226 248 
227 255 
228 270 
229 271 
230 270 
231 255 
232 236 
233 248 
234 270 
235 256 
236 240 
237 243 
238 255 
239 259 
240 258 
241 232 
242 253 
243 254 
244 228 
245 232 
246 274 
247 273 
248 243 
249 253 
250 284 
251 241 
252 263 
253 246 
254 267 
255 253 
256 225 
257 216 
258 270 
259 250 
260 237 
261 234 
262 236 
263 254 
264 249 
265 238 
266 209 
267 221 
268 228 
269 221 
270 212 
271 219 
272 261 
273 220 
274 243 
275 240 
276 235 
277 236 
278 248 
279 217 
280 200 
281 223 
282 254 
283 213 
284 238 
285 226 
286 234 
287 185 
288 234 
289 220 
290 235 
291 207 
292 220 
293 210 
294 223 
295 227 
296 190 
297 248 
298 246 
299 221 
300 243 
301 242 
302 214 
303 216 
304 208 
305 229 
306 202 
307 223 
308 232 
309 199 
310 194 
311 186 
312 227 
313 231 
314 207 
315 206 
316 180 
317 205 
318 189 
319 196 
320 182 
321 187 
322 271 
323 194 
324 202 
325 201 
326 205 
327 196 
328 219 
329 222 
330 177 
331 212 
332 197 
333 205 
334 185 
335 194 
336 196 
337 202 
338 216 
339 201 
340 201 
341 194 
342 197 
343 172 
344 189 
345 197 
346 203 
347 171 
348 189 
349 185 
350 189 
351 217 
352 198 
353 178 
354 182 
355 194 
356 209 
357 182 
358 181 
359 175 
360 175 
361 190 
362 168 
363 190 
364 165 
365 182 
366 188 
367 197 
368 180 
369 173 
370 190 
371 172 
372 200 
373 143 
374 157 
375 170 
376 169 
377 174 
378 177 
379 155 
380 168 
381 172 
382 168 
383 179 
384 189 
385 186 
386 150 
387 157 
388 166 
389 163 
390 164 
391 162 
392 184 
393 151 
394 140 
395 189 
396 189 
397 152 
398 173 
399 151 
400 155 
401 155 
402 144 
403 151 
404 175 
405 157 
406 153 
407 156 
408 163 
409 169 
410 158 
411 137 
412 146 
413 156 
414 150 
415 145 
416 138 
417 140 
418 146 
419 163 
420 137 
421 150 
422 139 
423 174 
424 170 
425 163 
426 129 
427 146 
428 147 
429 146 
430 165 
431 144 
432 134 
433 145 
434 150 
435 123 
436 125 
437 133 
438 156 
439 168 
440 124 
441 132 
442 149 
443 149 
444 142 
445 133 
446 140 
447 141 
448 126 
449 138 
450 145 
451 136 
452 111 
453 130 
454 143 
455 131 
456 140 
457 141 
458 139 
459 119 
460 137 
461 116 
462 138 
463 128 
464 129 
465 131 
466 124 
467 118 
468 148 
469 132 
470 128 
471 131 
472 122 
473 145 
474 107 
475 130 
476 135 
477 126 
478 141 
479 132 
480 101 
481 127 
482 147 
483 122 
484 110 
485 132 
486 128 
487 127 
488 119 
489 111 
490 124 
491 129 
492 124 
493 111 
494 98 
495 86 
496 122 
497 116 
498 111 
499 110 
500 113 
501 111 
502 107 
503 91 
504 116 
505 89 
506 116 
507 118 
508 104 
509 91 
510 114 
511 106 
512 118 
513 112 
514 118 
515 108 
516 107 
517 99 
518 109 
519 114 
520 92 
521 105 
522 95 
523 76 
524 98 
525 109 
526 116 
527 91 
528 95 
529 94 
530 99 
531 102 
532 76 
533 102 
534 97 
535 81 
536 87 
537 99 
538 99 
539 97 
540 104 
541 96 
542 114 
543 104 
544 107 
545 91 
546 89 
547 102 
548 88 
549 98 
550 84 
551 93 
552 93 
553 92 
554 87 
555 90 
556 86 
557 79 
558 78 
559 104 
560 101 
561 93 
562 84 
563 67 
564 82 
565 108 
566 84 
567 77 
568 112 
569 72 
570 93 
571 89 
572 82 
573 92 
574 73 
575 89 
576 103 
577 91 
578 82 
579 76 
580 88 
581 104 
582 88 
583 87 
584 87 
585 92 
586 82 
587 76 
588 84 
589 87 
590 82 
591 77 
592 75 
593 81 
594 82 
595 80 
596 86 
597 66 
598 70 
599 100 
600 72 
601 72 
602 68 
603 80 
604 69 
605 62 
606 71 
607 78 
608 63 
609 73 
610 68 
611 56 
612 76 
613 65 
614 78 
615 60 
616 71 
617 70 
618 72 
619 64 
620 69 
621 63 
622 63 
623 86 
624 73 
625 74 
626 84 
627 90 
628 91 
629 93 
630 111 
631 80 
632 108 
633 89 
634 98 
635 92 
636 85 
637 87 
638 96 
639 83 
640 94 
641 88 
642 95 
643 67 
644 95 
645 72 
646 85 
647 68 
648 79 
649 88 
650 76 
651 66 
652 77 
653 89 
654 84 
655 70 
656 66 
657 74 
658 63 
659 58 
660 58 
661 60 
662 69 
663 63 
664 58 
665 74 
666 70 
667 58 
668 69 
669 66 
670 74 
671 55 
672 59 
673 53 
674 76 
675 60 
676 52 
677 48 
678 60 
679 45 
680 68 
681 61 
682 48 
683 50 
684 49 
685 63 
686 51 
687 57 
688 64 
689 75 
690 76 
691 80 
692 97 
693 113 
694 116 
695 144 
696 149 
697 180 
698 190 
699 226 
700 260 
701 254 
702 288 
703 257 
704 247 
705 241 
706 240 
707 228 
708 205 
709 196 
710 173 
711 153 
712 131 
713 109 
714 113 
715 96 
716 69 
717 65 
718 69 
719 61 
720 57 
721 65 
722 53 
723 57 
724 45 
725 54 
726 47 
727 45 
728 50 
729 49 
730 59 
731 57 
732 57 
733 45 
734 66 
735 51 
736 68 
737 57 
738 56 
739 49 
740 62 
741 40 
742 59 
743 64 
744 53 
745 45 
746 53 
747 59 
748 43 
749 37 
750 48 
751 43 
752 52 
753 39 
754 45 
755 43 
756 42 
757 47 
758 39 
759 53 
760 27 
761 57 
762 39 
763 45 
764 52 
765 44 
766 52 
767 48 
768 48 
769 43 
770 49 
771 63 
772 76 
773 69 
774 110 
775 115 
776 124 
777 163 
778 200 
779 257 
780 337 
781 431 
782 547 
783 678 
784 879 
785 1151 
786 1374 
787 1689 
788 2100 
789 2451 
790 2927 
791 3371 
792 3920 
793 4389 
794 4828 
795 5217 
796 5806 
797 6180 
798 6379 
799 6663 
800 6971 
801 7142 
802 7310 
803 7337 
804 7530 
805 7478 
806 7254 
807 6619 
808 6182 
809 5139 
810 4066 
811 2969 
812 1971 
813 1156 
814 671 
815 366 
816 204 
817 116 
818 95 
819 63 
820 48 
821 30 
822 29 
823 30 
824 29 
825 10 
826 12 
827 18 
828 14 
829 6 
830 7 
831 8 
832 12 
833 3 
834 3 
835 5 
836 6 
837 9 
838 3 
839 3 
840 4 
841 4 
842 2 
843 8 
844 5 
845 11 
846 4 
847 3 
848 1 
849 3 
850 4 
851 2 
852 0 
853 4 
854 4 
855 4 
856 4 
857 4 
858 1 
859 3 
860 4 
861 2 
862 1 
863 1 
864 4 
865 1 
866 3 
867 4 
868 4 
869 4 
870 5 
871 2 
872 3 
873 2 
874 4 
875 3 
876 3 
877 2 
878 4 
879 4 
880 1 
881 3 
882 5 
883 4 
884 4 
885 1 
886 2 
887 3 
888 3 
889 3 
890 1 
891 2 
892 6 
893 3 
894 4 
895 1 
896 0 
897 3 
898 4 
899 2 
900 2 
901 3 
902 3 
903 0 
904 1 
905 4 
906 2 
907 4 
908 1 
909 5 
910 2 
911 4 
912 3 
913 3 
914 3 
915 2 
916 4 
917 5 
918 1 
919 0 
920 6 
921 4 
922 5 
923 3 
924 1 
925 3 
926 3 
927 2 
928 4 
929 1 
930 1 
931 4 
932 6 
933 1 
934 5 
935 0 
936 0 
937 3 
938 1 
939 1 
940 0 
941 4 
942 2 
943 1 
944 1 
945 2 
946 2 
947 0 
948 1 
949 0 
950 2 
951 3 
952 3 
953 1 
954 2 
955 2 
956 1 
957 2 
958 2 
959 1 
960 0 
961 2 
962 2 
963 2 
964 1 
965 1 
966 1 
967 3 
968 4 
969 2 
970 2 
971 2 
972 4 
973 3 
974 2 
975 3 
976 2 
977 1 
978 2 
979 0 
980 1 
981 4 
982 1 
983 0 
984 0 
985 0 
986 2 
987 1 
988 0 
989 1 
990 2 
991 2 
992 0 
993 0 
994 4 
995 0 
996 1 
997 2 
998 0 
999 0 
1000 1 
1001 1 
1002 1 
1003 3 
1004 2 
1005 2 
1006 2 
1007 1 
1008 0 
1009 1 
1010 1 
1011 0 
1012 2 
1013 1 
1014 1 
1015 2 
1016 3 
1017 3 
1018 1 
1019 3 
1020 1 
1021 2 
1022 3 
