1 0 
2 0 
3 0 
4 0 
5 0 
6 0 
7 0 
8 0 
9 0 
10 0 
11 0 
12 0 
13 0 
14 0 
15 0 
16 0 
17 0 
18 0 
19 0 
20 0 
21 0 
22 0 
23 0 
24 0 
25 0 
26 0 
27 0 
28 0 
29 0 
30 0 
31 0 
32 0 
33 0 
34 0 
35 0 
36 0 
37 0 
38 0 
39 0 
40 0 
41 0 
42 0 
43 0 
44 0 
45 0 
46 0 
47 0 
48 0 
49 0 
50 0 
51 0 
52 0 
53 0 
54 0 
55 0 
56 0 
57 0 
58 0 
59 0 
60 0 
61 0 
62 0 
63 0 
64 0 
65 0 
66 0 
67 0 
68 0 
69 0 
70 0 
71 0 
72 0 
73 0 
74 0 
75 0 
76 0 
77 0 
78 0 
79 0 
80 0 
81 0 
82 0 
83 0 
84 0 
85 0 
86 0 
87 0 
88 1 
89 11 
90 102 
91 381 
92 359 
93 380 
94 373 
95 353 
96 357 
97 355 
98 331 
99 359 
100 348 
101 369 
102 379 
103 396 
104 387 
105 346 
106 337 
107 359 
108 355 
109 359 
110 332 
111 343 
112 327 
113 351 
114 346 
115 371 
116 341 
117 336 
118 345 
119 338 
120 331 
121 333 
122 308 
123 356 
124 316 
125 329 
126 320 
127 328 
128 338 
129 322 
130 319 
131 318 
132 317 
133 325 
134 320 
135 317 
136 322 
137 308 
138 341 
139 311 
140 291 
141 293 
142 324 
143 328 
144 324 
145 324 
146 345 
147 303 
148 327 
149 308 
150 316 
151 318 
152 295 
153 318 
154 285 
155 329 
156 310 
157 318 
158 310 
159 282 
160 339 
161 283 
162 294 
163 276 
164 290 
165 321 
166 289 
167 316 
168 303 
169 295 
170 332 
171 261 
172 304 
173 292 
174 311 
175 277 
176 279 
177 257 
178 311 
179 288 
180 283 
181 248 
182 279 
183 268 
184 288 
185 269 
186 276 
187 282 
188 263 
189 294 
190 279 
191 272 
192 266 
193 257 
194 279 
195 281 
196 271 
197 257 
198 277 
199 264 
200 284 
201 280 
202 257 
203 264 
204 279 
205 268 
206 271 
207 253 
208 265 
209 280 
210 286 
211 258 
212 245 
213 257 
214 265 
215 262 
216 253 
217 252 
218 252 
219 248 
220 253 
221 261 
222 245 
223 263 
224 254 
225 263 
226 260 
227 217 
228 229 
229 259 
230 261 
231 256 
232 273 
233 228 
234 248 
235 247 
236 221 
237 215 
238 253 
239 219 
240 234 
241 225 
242 238 
243 236 
244 225 
245 241 
246 264 
247 241 
248 238 
249 261 
250 208 
251 231 
252 225 
253 240 
254 229 
255 251 
256 226 
257 224 
258 202 
259 203 
260 245 
261 225 
262 197 
263 255 
264 233 
265 238 
266 235 
267 216 
268 229 
269 235 
270 223 
271 209 
272 200 
273 231 
274 216 
275 218 
276 205 
277 223 
278 233 
279 207 
280 218 
281 220 
282 214 
283 216 
284 211 
285 211 
286 231 
287 217 
288 202 
289 216 
290 211 
291 204 
292 192 
293 203 
294 225 
295 224 
296 207 
297 239 
298 223 
299 195 
300 219 
301 182 
302 226 
303 185 
304 236 
305 197 
306 201 
307 182 
308 230 
309 189 
310 169 
311 185 
312 189 
313 198 
314 198 
315 181 
316 191 
317 202 
318 167 
319 201 
320 199 
321 200 
322 198 
323 194 
324 179 
325 184 
326 187 
327 198 
328 184 
329 189 
330 193 
331 183 
332 166 
333 175 
334 211 
335 180 
336 191 
337 191 
338 166 
339 183 
340 160 
341 182 
342 173 
343 163 
344 158 
345 154 
346 180 
347 164 
348 185 
349 168 
350 166 
351 161 
352 170 
353 160 
354 180 
355 161 
356 171 
357 171 
358 165 
359 184 
360 167 
361 183 
362 180 
363 184 
364 161 
365 159 
366 186 
367 151 
368 182 
369 165 
370 180 
371 161 
372 156 
373 135 
374 171 
375 173 
376 155 
377 165 
378 160 
379 163 
380 155 
381 155 
382 144 
383 150 
384 146 
385 147 
386 148 
387 154 
388 173 
389 172 
390 161 
391 145 
392 138 
393 144 
394 163 
395 151 
396 146 
397 125 
398 159 
399 150 
400 146 
401 160 
402 135 
403 154 
404 160 
405 153 
406 156 
407 159 
408 151 
409 157 
410 132 
411 148 
412 136 
413 127 
414 158 
415 152 
416 151 
417 140 
418 126 
419 135 
420 144 
421 139 
422 161 
423 122 
424 137 
425 140 
426 140 
427 130 
428 167 
429 150 
430 159 
431 142 
432 130 
433 120 
434 127 
435 93 
436 128 
437 119 
438 123 
439 134 
440 134 
441 124 
442 137 
443 147 
444 133 
445 103 
446 123 
447 129 
448 123 
449 136 
450 112 
451 133 
452 129 
453 122 
454 113 
455 112 
456 119 
457 120 
458 124 
459 112 
460 131 
461 113 
462 126 
463 130 
464 100 
465 117 
466 112 
467 112 
468 108 
469 117 
470 102 
471 110 
472 103 
473 117 
474 131 
475 107 
476 123 
477 121 
478 91 
479 120 
480 107 
481 122 
482 124 
483 110 
484 100 
485 101 
486 112 
487 92 
488 111 
489 70 
490 107 
491 95 
492 105 
493 99 
494 104 
495 112 
496 111 
497 89 
498 103 
499 92 
500 99 
501 99 
502 108 
503 105 
504 92 
505 98 
506 91 
507 95 
508 123 
509 84 
510 95 
511 90 
512 102 
513 112 
514 89 
515 121 
516 97 
517 82 
518 97 
519 103 
520 83 
521 86 
522 83 
523 95 
524 95 
525 100 
526 106 
527 92 
528 89 
529 110 
530 83 
531 77 
532 75 
533 91 
534 95 
535 88 
536 80 
537 94 
538 99 
539 91 
540 91 
541 84 
542 83 
543 92 
544 83 
545 96 
546 95 
547 90 
548 87 
549 80 
550 76 
551 108 
552 67 
553 83 
554 90 
555 86 
556 73 
557 79 
558 93 
559 83 
560 73 
561 69 
562 73 
563 70 
564 71 
565 91 
566 96 
567 70 
568 87 
569 90 
570 62 
571 87 
572 82 
573 89 
574 90 
575 104 
576 87 
577 79 
578 79 
579 74 
580 85 
581 81 
582 81 
583 72 
584 99 
585 84 
586 83 
587 74 
588 91 
589 72 
590 78 
591 58 
592 83 
593 78 
594 66 
595 76 
596 79 
597 72 
598 84 
599 93 
600 68 
601 81 
602 66 
603 83 
604 63 
605 79 
606 80 
607 56 
608 86 
609 71 
610 77 
611 76 
612 85 
613 70 
614 69 
615 75 
616 76 
617 64 
618 67 
619 76 
620 68 
621 64 
622 74 
623 67 
624 99 
625 81 
626 79 
627 90 
628 97 
629 89 
630 102 
631 97 
632 85 
633 93 
634 92 
635 94 
636 79 
637 88 
638 68 
639 91 
640 81 
641 91 
642 91 
643 82 
644 87 
645 77 
646 80 
647 85 
648 65 
649 82 
650 72 
651 74 
652 75 
653 88 
654 94 
655 82 
656 83 
657 64 
658 73 
659 62 
660 54 
661 73 
662 70 
663 66 
664 60 
665 74 
666 56 
667 61 
668 59 
669 57 
670 65 
671 62 
672 60 
673 60 
674 54 
675 77 
676 66 
677 54 
678 61 
679 72 
680 61 
681 63 
682 62 
683 53 
684 62 
685 71 
686 68 
687 79 
688 78 
689 88 
690 102 
691 113 
692 132 
693 119 
694 157 
695 156 
696 224 
697 226 
698 267 
699 258 
700 287 
701 256 
702 290 
703 280 
704 249 
705 240 
706 248 
707 231 
708 154 
709 162 
710 163 
711 146 
712 121 
713 102 
714 89 
715 84 
716 90 
717 78 
718 52 
719 69 
720 59 
721 62 
722 63 
723 59 
724 56 
725 73 
726 51 
727 53 
728 52 
729 56 
730 62 
731 67 
732 57 
733 55 
734 42 
735 50 
736 55 
737 43 
738 66 
739 58 
740 65 
741 48 
742 56 
743 60 
744 54 
745 46 
746 60 
747 52 
748 64 
749 42 
750 52 
751 44 
752 45 
753 34 
754 41 
755 39 
756 43 
757 55 
758 35 
759 44 
760 45 
761 40 
762 34 
763 53 
764 48 
765 51 
766 44 
767 62 
768 47 
769 70 
770 58 
771 78 
772 90 
773 91 
774 114 
775 133 
776 162 
777 184 
778 232 
779 348 
780 435 
781 552 
782 653 
783 878 
784 1121 
785 1366 
786 1665 
787 2089 
788 2456 
789 2997 
790 3426 
791 3933 
792 4348 
793 4933 
794 5309 
795 5709 
796 6135 
797 6434 
798 6708 
799 6990 
800 7161 
801 7243 
802 7435 
803 7544 
804 7350 
805 7463 
806 7362 
807 6861 
808 6193 
809 5185 
810 4093 
811 3076 
812 1965 
813 1250 
814 724 
815 373 
816 210 
817 127 
818 90 
819 56 
820 47 
821 39 
822 36 
823 26 
824 20 
825 13 
826 13 
827 11 
828 8 
829 4 
830 12 
831 7 
832 10 
833 10 
834 6 
835 7 
836 4 
837 7 
838 5 
839 5 
840 5 
841 5 
842 6 
843 6 
844 2 
845 4 
846 4 
847 2 
848 4 
849 4 
850 3 
851 5 
852 6 
853 2 
854 3 
855 5 
856 3 
857 9 
858 3 
859 2 
860 7 
861 1 
862 3 
863 1 
864 2 
865 3 
866 4 
867 1 
868 4 
869 6 
870 4 
871 3 
872 3 
873 5 
874 3 
875 3 
876 3 
877 4 
878 2 
879 4 
880 0 
881 3 
882 3 
883 3 
884 1 
885 5 
886 6 
887 4 
888 3 
889 7 
890 5 
891 3 
892 3 
893 0 
894 4 
895 1 
896 3 
897 1 
898 2 
899 5 
900 3 
901 3 
902 3 
903 2 
904 3 
905 6 
906 0 
907 6 
908 3 
909 4 
910 6 
911 1 
912 6 
913 0 
914 3 
915 4 
916 2 
917 2 
918 7 
919 2 
920 1 
921 6 
922 1 
923 7 
924 0 
925 1 
926 2 
927 4 
928 2 
929 2 
930 0 
931 3 
932 4 
933 3 
934 0 
935 5 
936 2 
937 2 
938 2 
939 5 
940 1 
941 3 
942 1 
943 5 
944 2 
945 2 
946 1 
947 2 
948 2 
949 2 
950 1 
951 2 
952 1 
953 1 
954 3 
955 4 
956 0 
957 2 
958 3 
959 2 
960 2 
961 2 
962 0 
963 0 
964 3 
965 3 
966 4 
967 2 
968 2 
969 1 
970 0 
971 3 
972 1 
973 5 
974 3 
975 5 
976 2 
977 1 
978 4 
979 2 
980 0 
981 1 
982 1 
983 3 
984 0 
985 1 
986 0 
987 4 
988 1 
989 0 
990 0 
991 4 
992 0 
993 0 
994 2 
995 3 
996 6 
997 2 
998 3 
999 1 
1000 3 
1001 3 
1002 0 
1003 1 
1004 1 
1005 0 
1006 3 
1007 1 
1008 2 
1009 2 
1010 2 
1011 4 
1012 0 
1013 1 
1014 3 
1015 1 
1016 3 
1017 0 
1018 2 
1019 4 
1020 1 
1021 0 
1022 1 
