1 0 
2 0 
3 0 
4 0 
5 0 
6 0 
7 0 
8 0 
9 0 
10 0 
11 0 
12 0 
13 0 
14 0 
15 0 
16 0 
17 0 
18 0 
19 0 
20 0 
21 0 
22 0 
23 0 
24 0 
25 0 
26 0 
27 0 
28 0 
29 0 
30 0 
31 0 
32 0 
33 0 
34 0 
35 0 
36 0 
37 0 
38 0 
39 0 
40 0 
41 0 
42 0 
43 0 
44 0 
45 0 
46 0 
47 0 
48 0 
49 0 
50 0 
51 0 
52 0 
53 0 
54 0 
55 0 
56 0 
57 0 
58 0 
59 0 
60 0 
61 0 
62 0 
63 0 
64 0 
65 0 
66 0 
67 0 
68 0 
69 0 
70 0 
71 0 
72 0 
73 0 
74 0 
75 0 
76 0 
77 0 
78 0 
79 0 
80 0 
81 0 
82 0 
83 0 
84 0 
85 0 
86 0 
87 0 
88 2 
89 5 
90 110 
91 415 
92 401 
93 425 
94 369 
95 393 
96 392 
97 392 
98 391 
99 405 
100 443 
101 368 
102 373 
103 398 
104 404 
105 386 
106 345 
107 381 
108 373 
109 375 
110 401 
111 372 
112 389 
113 388 
114 380 
115 352 
116 346 
117 385 
118 389 
119 373 
120 347 
121 358 
122 358 
123 349 
124 365 
125 351 
126 354 
127 367 
128 376 
129 345 
130 350 
131 345 
132 318 
133 323 
134 325 
135 339 
136 376 
137 343 
138 371 
139 335 
140 357 
141 336 
142 356 
143 326 
144 329 
145 318 
146 328 
147 405 
148 343 
149 320 
150 319 
151 354 
152 338 
153 342 
154 349 
155 338 
156 342 
157 308 
158 295 
159 338 
160 345 
161 338 
162 305 
163 362 
164 329 
165 309 
166 330 
167 314 
168 369 
169 355 
170 337 
171 316 
172 324 
173 324 
174 291 
175 310 
176 323 
177 323 
178 303 
179 315 
180 326 
181 303 
182 295 
183 287 
184 313 
185 319 
186 282 
187 326 
188 277 
189 292 
190 290 
191 306 
192 296 
193 272 
194 313 
195 294 
196 292 
197 273 
198 275 
199 280 
200 286 
201 272 
202 292 
203 283 
204 289 
205 315 
206 291 
207 289 
208 274 
209 282 
210 262 
211 308 
212 280 
213 285 
214 278 
215 257 
216 253 
217 294 
218 273 
219 255 
220 270 
221 260 
222 283 
223 282 
224 270 
225 275 
226 285 
227 256 
228 250 
229 290 
230 282 
231 271 
232 268 
233 289 
234 298 
235 265 
236 254 
237 285 
238 279 
239 272 
240 252 
241 264 
242 278 
243 271 
244 272 
245 265 
246 264 
247 272 
248 269 
249 253 
250 268 
251 234 
252 267 
253 276 
254 246 
255 251 
256 258 
257 277 
258 243 
259 248 
260 251 
261 244 
262 258 
263 257 
264 265 
265 238 
266 243 
267 268 
268 243 
269 286 
270 247 
271 264 
272 259 
273 214 
274 231 
275 263 
276 246 
277 252 
278 248 
279 227 
280 255 
281 271 
282 229 
283 242 
284 258 
285 249 
286 244 
287 254 
288 239 
289 237 
290 260 
291 207 
292 245 
293 219 
294 251 
295 244 
296 232 
297 243 
298 256 
299 247 
300 249 
301 213 
302 225 
303 213 
304 228 
305 249 
306 202 
307 228 
308 213 
309 220 
310 240 
311 263 
312 211 
313 204 
314 221 
315 210 
316 225 
317 220 
318 217 
319 235 
320 238 
321 248 
322 228 
323 215 
324 224 
325 222 
326 208 
327 204 
328 228 
329 251 
330 190 
331 207 
332 207 
333 218 
334 246 
335 195 
336 213 
337 231 
338 214 
339 234 
340 203 
341 241 
342 187 
343 209 
344 187 
345 200 
346 213 
347 202 
348 184 
349 195 
350 193 
351 201 
352 206 
353 211 
354 207 
355 205 
356 240 
357 177 
358 199 
359 225 
360 208 
361 204 
362 200 
363 186 
364 228 
365 200 
366 220 
367 195 
368 195 
369 214 
370 177 
371 226 
372 199 
373 195 
374 208 
375 162 
376 210 
377 220 
378 222 
379 184 
380 214 
381 209 
382 181 
383 173 
384 180 
385 189 
386 164 
387 182 
388 190 
389 178 
390 195 
391 183 
392 156 
393 187 
394 196 
395 172 
396 176 
397 156 
398 181 
399 184 
400 174 
401 176 
402 183 
403 175 
404 152 
405 174 
406 190 
407 185 
408 160 
409 179 
410 171 
411 176 
412 174 
413 170 
414 185 
415 176 
416 195 
417 160 
418 162 
419 162 
420 155 
421 212 
422 167 
423 165 
424 159 
425 175 
426 173 
427 197 
428 182 
429 172 
430 162 
431 153 
432 156 
433 185 
434 185 
435 182 
436 183 
437 165 
438 179 
439 167 
440 168 
441 164 
442 146 
443 183 
444 141 
445 152 
446 155 
447 147 
448 148 
449 162 
450 149 
451 171 
452 178 
453 159 
454 157 
455 166 
456 141 
457 159 
458 155 
459 172 
460 145 
461 159 
462 145 
463 125 
464 154 
465 147 
466 168 
467 148 
468 155 
469 152 
470 152 
471 126 
472 149 
473 134 
474 161 
475 137 
476 135 
477 132 
478 140 
479 142 
480 142 
481 131 
482 143 
483 129 
484 135 
485 125 
486 158 
487 149 
488 152 
489 150 
490 143 
491 125 
492 146 
493 153 
494 148 
495 147 
496 118 
497 169 
498 151 
499 142 
500 114 
501 145 
502 144 
503 145 
504 134 
505 155 
506 114 
507 126 
508 146 
509 128 
510 147 
511 131 
512 145 
513 144 
514 139 
515 112 
516 136 
517 131 
518 126 
519 123 
520 150 
521 157 
522 136 
523 135 
524 129 
525 141 
526 123 
527 136 
528 137 
529 142 
530 145 
531 137 
532 115 
533 138 
534 117 
535 108 
536 132 
537 142 
538 115 
539 124 
540 118 
541 144 
542 142 
543 126 
544 102 
545 139 
546 125 
547 121 
548 113 
549 112 
550 118 
551 125 
552 127 
553 137 
554 134 
555 128 
556 121 
557 120 
558 131 
559 103 
560 123 
561 130 
562 126 
563 118 
564 125 
565 127 
566 139 
567 126 
568 120 
569 111 
570 118 
571 131 
572 137 
573 120 
574 128 
575 140 
576 122 
577 122 
578 137 
579 111 
580 114 
581 127 
582 118 
583 114 
584 127 
585 102 
586 130 
587 116 
588 117 
589 111 
590 124 
591 96 
592 113 
593 124 
594 110 
595 135 
596 121 
597 96 
598 110 
599 127 
600 126 
601 118 
602 117 
603 112 
604 117 
605 122 
606 92 
607 111 
608 117 
609 120 
610 102 
611 113 
612 118 
613 102 
614 109 
615 120 
616 109 
617 136 
618 122 
619 127 
620 130 
621 132 
622 138 
623 137 
624 114 
625 115 
626 149 
627 124 
628 124 
629 116 
630 108 
631 114 
632 110 
633 133 
634 109 
635 126 
636 133 
637 89 
638 107 
639 99 
640 139 
641 100 
642 105 
643 126 
644 96 
645 104 
646 121 
647 136 
648 125 
649 107 
650 144 
651 125 
652 143 
653 120 
654 105 
655 113 
656 118 
657 103 
658 117 
659 105 
660 123 
661 111 
662 113 
663 120 
664 123 
665 111 
666 106 
667 123 
668 108 
669 123 
670 108 
671 110 
672 92 
673 122 
674 128 
675 112 
676 138 
677 127 
678 136 
679 149 
680 159 
681 155 
682 172 
683 181 
684 171 
685 198 
686 225 
687 205 
688 224 
689 230 
690 250 
691 246 
692 249 
693 236 
694 221 
695 225 
696 196 
697 197 
698 229 
699 196 
700 196 
701 209 
702 203 
703 172 
704 134 
705 154 
706 148 
707 135 
708 122 
709 116 
710 108 
711 124 
712 115 
713 93 
714 93 
715 105 
716 86 
717 95 
718 91 
719 90 
720 104 
721 88 
722 96 
723 106 
724 92 
725 101 
726 77 
727 102 
728 91 
729 83 
730 87 
731 90 
732 94 
733 88 
734 105 
735 108 
736 79 
737 93 
738 87 
739 110 
740 79 
741 100 
742 107 
743 100 
744 85 
745 101 
746 108 
747 114 
748 105 
749 129 
750 124 
751 137 
752 165 
753 178 
754 170 
755 184 
756 213 
757 214 
758 316 
759 328 
760 361 
761 455 
762 477 
763 575 
764 668 
765 760 
766 921 
767 1017 
768 1184 
769 1388 
770 1481 
771 1732 
772 1962 
773 2262 
774 2414 
775 2735 
776 3010 
777 3306 
778 3627 
779 3939 
780 4406 
781 4527 
782 5063 
783 5289 
784 5438 
785 5713 
786 5916 
787 6172 
788 6485 
789 6559 
790 6702 
791 6828 
792 7187 
793 7418 
794 7360 
795 7488 
796 7440 
797 7699 
798 7704 
799 7700 
800 7701 
801 7798 
802 7722 
803 7741 
804 7630 
805 7519 
806 7100 
807 6579 
808 5828 
809 4920 
810 3830 
811 2843 
812 1880 
813 1181 
814 718 
815 396 
816 202 
817 151 
818 105 
819 83 
820 56 
821 54 
822 44 
823 31 
824 26 
825 28 
826 23 
827 26 
828 17 
829 14 
830 17 
831 23 
832 10 
833 8 
834 6 
835 8 
836 14 
837 9 
838 10 
839 9 
840 11 
841 11 
842 4 
843 7 
844 9 
845 8 
846 3 
847 9 
848 4 
849 9 
850 8 
851 9 
852 9 
853 4 
854 5 
855 6 
856 6 
857 13 
858 9 
859 9 
860 11 
861 8 
862 3 
863 7 
864 5 
865 4 
866 8 
867 5 
868 2 
869 3 
870 9 
871 6 
872 8 
873 10 
874 9 
875 3 
876 5 
877 5 
878 7 
879 6 
880 4 
881 10 
882 4 
883 6 
884 7 
885 6 
886 4 
887 3 
888 2 
889 3 
890 3 
891 2 
892 7 
893 5 
894 2 
895 6 
896 4 
897 5 
898 4 
899 3 
900 4 
901 4 
902 5 
903 8 
904 1 
905 8 
906 4 
907 9 
908 3 
909 4 
910 1 
911 3 
912 3 
913 2 
914 2 
915 2 
916 4 
917 3 
918 2 
919 4 
920 2 
921 3 
922 4 
923 4 
924 2 
925 2 
926 4 
927 3 
928 3 
929 3 
930 1 
931 3 
932 2 
933 1 
934 6 
935 2 
936 4 
937 9 
938 6 
939 5 
940 2 
941 2 
942 3 
943 4 
944 3 
945 5 
946 4 
947 3 
948 2 
949 2 
950 1 
951 0 
952 2 
953 2 
954 8 
955 4 
956 1 
957 3 
958 6 
959 4 
960 4 
961 5 
962 9 
963 7 
964 7 
965 4 
966 7 
967 2 
968 6 
969 6 
970 2 
971 3 
972 4 
973 2 
974 1 
975 4 
976 6 
977 4 
978 5 
979 6 
980 4 
981 2 
982 0 
983 2 
984 3 
985 5 
986 8 
987 3 
988 4 
989 5 
990 7 
991 1 
992 1 
993 3 
994 4 
995 4 
996 1 
997 4 
998 4 
999 2 
1000 2 
1001 4 
1002 6 
1003 7 
1004 1 
1005 6 
1006 5 
1007 7 
1008 5 
1009 4 
1010 2 
1011 2 
1012 4 
1013 3 
1014 3 
1015 3 
1016 3 
1017 4 
1018 5 
1019 4 
1020 2 
1021 0 
1022 5 
