    118     121       0       0       0       0       0       0
      0       0       0       0       0       0       0       0
      0       0       0       0       0       0       0       0
      0       0       0       0       0       0       0       0
      0       0       0       0       0       0       0       0
      0       0       0       0       0       0       0       0
      0       0       0       0       0       0       0       0
      0       0       0       0       0       0       0       0
      0       0       0       0       0       0       0       0
      0       0       0       0       0       0       0       0
      0       0       0       0       0       0       0       0
      0       1       6      82     410     389     397     328
    340     340     337     328     378     314     345     347
    371     371     351     318     344     341     341     294
    329     324     343     322     309     360     315     331
    301     308     357     332     293     344     325     321
    317     297     312     313     329     309     318     346
    295     357     331     309     340     334     327     326
    314     335     313     328     291     296     314     339
    352     328     303     314     309     304     311     299
    320     306     296     284     305     300     323     315
    286     299     274     298     324     345     297     296
    289     292     314     312     310     291     283     288
    289     335     303     297     304     298     302     300
    275     307     303     313     284     268     282     309
    295     284     273     314     299     266     298     321
    293     237     311     315     262     308     305     236
    277     244     297     282     230     287     271     286
    265     266     288     283     276     293     234     257
    254     268     269     279     246     273     271     280
    258     260     266     249     276     231     258     244
    248     275     270     267     283     270     251     239
    222     227     247     217     258     229     248     256
    265     241     276     254     227     237     269     272
    257     246     253     250     245     265     225     267
    259     247     261     255     257     265     222     247
    217     223     248     240     226     236     245     230
    240     220     264     213     239     224     234     212
    200     242     229     217     233     232     191     217
    243     211     217     250     202     210     241     181
    215     239     187     217     209     205     220     219
    220     225     235     233     204     228     211     196
    235     213     215     212     210     192     221     193
    217     197     248     231     219     186     211     189
    208     165     188     201     207     165     203     172
    199     207     221     225     217     194     212     161
    160     181     159     191     178     192     169     167
    221     193     196     189     197     183     186     169
    177     186     181     184     185     203     188     182
    185     191     194     183     164     172     192     173
    178     187     167     171     174     182     193     180
    169     166     151     174     148     143     170     165
    153     175     161     143     154     140     163     158
    158     193     170     161     180     159     169     143
    163     144     154     147     139     138     173     170
    170     164     165     164     175     158     139     143
    136     156     152     161     131     144     141     148
    120     137     125     128     140     141     134     137
    144     137     144     133     141     148     142     156
    155     149     140     117     132     121     137     140
    122     140     105     109     121     142     146     132
    139     146     137     123     118     129     120     114
    133     114     117     138     146     123     112     105
    108     118     118     110     112     119     117     129
     97     120     129     116     115      86     131      98
    117      98     123     131     122     108     108     114
     97     105     100     104     112     100     106     110
    101      93     106     107     106     101     101      85
    105      78      95     104      87     104     114      96
     98     112      78      85      98      91      95      98
     98      90     103      95     103     101     113      91
     80      87      85     105      90      83      93      82
     76      90      86      95      82     103     101      71
     95     105     100     101      80      94      91      84
     91      95     110      90      92      85      76      73
     66      86      92      73      78      79      70      69
     81      78      87      79      65      76      71      66
     72      64      75      74      82      62      70      63
     58      69      77      72      69      77      84      83
     76      84      79      90      98     103     102      96
    100      97     115     101      91      96      84      58
     68      75      83      85      94      68      85      88
     73      71      82      62      79      60      69      67
     70      77      64      61      71      55      68      70
     87      42      73      54      56      64      60      65
     65      69      66      72      71      56      61      53
     70      62      67      65      58      55      65      73
     86      92     111     142     149     181     219     201
    269     239     266     298     295     239     206     250
    187     144     131     120     101      82      88      78
     64      70      57      63      56      38      52      45
     35      43      44      52      57      44      54      31
     46      57      51      47      35      49      51      48
     48      48      62      36      56      41      48      44
     40      49      35      45      31      36      34      32
     30      34      37      35      44      50      32      46
     41      34      43      47      46      42      41      52
     57      47      61      75      71      85     122     144
    168     242     270     463     522     717     971    1210
   1595    2056    2515    3043    3638    4176    4645    5128
   5575    5806    6114    6393    6496    6535    6519    6555
   6410    5965    5584    4645    3622    2647    1718    1033
    555     288     164      81      62      57      25      34
     28      28      25      13      18      10      12       9
      8       6       6       5       7      13       3       3
      4       4       3       2       5       3       6       5
      7       7       1       4       3       1       1       0
      6       4       3       7       1       3       5       6
      4       3       2       5       4       5       4       8
      2       4       5       5       3       3       2       3
      2       0       5       5       1       2       3       1
      2       4       2       1       2       0       3       2
      2       1       3       1       0       3       2       3
      2       2       2       4       1       1       5       1
      7       2       5       4       2       4       4       2
      2       0       1       3       2       2       2       3
      5       2       0       2       5       1       7       2
      1       0       3       1       1       1       2       1
      0       0       3       1       0       2       0       2
      1       2       1       1       0       4       0       4
      4       1       4       0       1       1       4       1
      0       0       0       3       2       2       1       0
      0       1       1       2       2       1       1       2
      1       3       0       3       0       0       3       1
      0       3       3       2       0       3       2       3
      2       1       2       1       1       2       2       1
      0       1       4       1       1       1       2       4
      2       1       2       1       1       1       0       1
$Angles (tilt,azimute): 0 0
$Date & Time          :24-04-2023         16:49:46
$RBS1run29.dat
$B(16:47:29) = -2.282150 kG
$B(16:47:07) = -2.282110 kG
