1 0 
2 0 
3 0 
4 0 
5 0 
6 0 
7 0 
8 0 
9 0 
10 0 
11 0 
12 0 
13 0 
14 0 
15 0 
16 0 
17 0 
18 0 
19 0 
20 0 
21 0 
22 0 
23 0 
24 0 
25 0 
26 0 
27 0 
28 0 
29 0 
30 0 
31 0 
32 0 
33 0 
34 0 
35 0 
36 0 
37 0 
38 0 
39 0 
40 0 
41 0 
42 0 
43 0 
44 0 
45 0 
46 0 
47 0 
48 0 
49 0 
50 0 
51 0 
52 0 
53 0 
54 0 
55 0 
56 0 
57 0 
58 0 
59 0 
60 0 
61 0 
62 0 
63 0 
64 0 
65 0 
66 0 
67 0 
68 0 
69 0 
70 0 
71 0 
72 0 
73 0 
74 0 
75 0 
76 0 
77 0 
78 0 
79 0 
80 0 
81 0 
82 0 
83 0 
84 0 
85 0 
86 0 
87 1 
88 0 
89 5 
90 115 
91 393 
92 394 
93 378 
94 404 
95 407 
96 383 
97 386 
98 369 
99 373 
100 355 
101 372 
102 355 
103 364 
104 381 
105 397 
106 391 
107 383 
108 412 
109 342 
110 360 
111 323 
112 348 
113 371 
114 358 
115 412 
116 349 
117 361 
118 350 
119 359 
120 348 
121 373 
122 350 
123 315 
124 329 
125 346 
126 346 
127 362 
128 325 
129 325 
130 318 
131 348 
132 347 
133 338 
134 346 
135 345 
136 340 
137 318 
138 362 
139 357 
140 328 
141 348 
142 350 
143 339 
144 360 
145 324 
146 328 
147 334 
148 321 
149 313 
150 329 
151 303 
152 328 
153 374 
154 337 
155 339 
156 306 
157 348 
158 334 
159 300 
160 304 
161 298 
162 290 
163 328 
164 310 
165 343 
166 301 
167 338 
168 327 
169 310 
170 280 
171 334 
172 323 
173 304 
174 289 
175 307 
176 313 
177 284 
178 283 
179 315 
180 317 
181 280 
182 315 
183 291 
184 277 
185 300 
186 310 
187 323 
188 271 
189 314 
190 272 
191 314 
192 302 
193 295 
194 289 
195 320 
196 290 
197 259 
198 311 
199 293 
200 317 
201 280 
202 272 
203 259 
204 272 
205 264 
206 303 
207 272 
208 282 
209 294 
210 282 
211 270 
212 281 
213 289 
214 242 
215 261 
216 278 
217 250 
218 293 
219 307 
220 272 
221 297 
222 273 
223 290 
224 255 
225 259 
226 250 
227 263 
228 257 
229 283 
230 286 
231 267 
232 270 
233 220 
234 257 
235 255 
236 271 
237 248 
238 272 
239 266 
240 250 
241 240 
242 255 
243 262 
244 259 
245 241 
246 269 
247 246 
248 266 
249 243 
250 263 
251 253 
252 229 
253 246 
254 250 
255 234 
256 261 
257 245 
258 249 
259 269 
260 231 
261 207 
262 244 
263 246 
264 217 
265 252 
266 252 
267 267 
268 229 
269 246 
270 247 
271 259 
272 234 
273 230 
274 259 
275 262 
276 242 
277 240 
278 225 
279 240 
280 250 
281 230 
282 235 
283 254 
284 249 
285 242 
286 234 
287 236 
288 237 
289 220 
290 223 
291 250 
292 235 
293 230 
294 228 
295 231 
296 211 
297 241 
298 245 
299 215 
300 220 
301 214 
302 191 
303 223 
304 222 
305 197 
306 191 
307 213 
308 254 
309 210 
310 209 
311 202 
312 233 
313 210 
314 226 
315 221 
316 207 
317 212 
318 234 
319 211 
320 223 
321 205 
322 221 
323 215 
324 212 
325 213 
326 233 
327 217 
328 204 
329 189 
330 202 
331 206 
332 229 
333 188 
334 225 
335 199 
336 197 
337 202 
338 188 
339 187 
340 211 
341 197 
342 198 
343 188 
344 214 
345 201 
346 198 
347 193 
348 185 
349 181 
350 191 
351 163 
352 190 
353 195 
354 224 
355 190 
356 182 
357 191 
358 186 
359 197 
360 183 
361 202 
362 176 
363 211 
364 187 
365 173 
366 179 
367 205 
368 182 
369 187 
370 176 
371 195 
372 192 
373 192 
374 196 
375 180 
376 158 
377 163 
378 177 
379 176 
380 182 
381 179 
382 175 
383 147 
384 156 
385 221 
386 181 
387 208 
388 183 
389 175 
390 187 
391 173 
392 188 
393 188 
394 174 
395 159 
396 155 
397 162 
398 158 
399 159 
400 177 
401 169 
402 158 
403 161 
404 178 
405 163 
406 168 
407 170 
408 161 
409 140 
410 175 
411 185 
412 172 
413 165 
414 162 
415 161 
416 143 
417 162 
418 146 
419 158 
420 186 
421 152 
422 177 
423 157 
424 144 
425 169 
426 139 
427 133 
428 139 
429 167 
430 156 
431 174 
432 157 
433 138 
434 145 
435 154 
436 128 
437 165 
438 134 
439 150 
440 153 
441 163 
442 141 
443 127 
444 127 
445 148 
446 175 
447 146 
448 162 
449 158 
450 126 
451 145 
452 134 
453 139 
454 116 
455 133 
456 161 
457 139 
458 165 
459 136 
460 152 
461 127 
462 130 
463 126 
464 148 
465 130 
466 137 
467 127 
468 145 
469 138 
470 148 
471 128 
472 112 
473 112 
474 122 
475 123 
476 119 
477 122 
478 120 
479 143 
480 95 
481 132 
482 118 
483 130 
484 126 
485 127 
486 144 
487 141 
488 105 
489 117 
490 118 
491 128 
492 125 
493 122 
494 104 
495 123 
496 124 
497 137 
498 116 
499 133 
500 119 
501 145 
502 127 
503 136 
504 135 
505 126 
506 125 
507 117 
508 108 
509 127 
510 102 
511 108 
512 107 
513 112 
514 136 
515 121 
516 112 
517 113 
518 141 
519 129 
520 112 
521 123 
522 127 
523 128 
524 112 
525 115 
526 143 
527 118 
528 106 
529 101 
530 115 
531 111 
532 106 
533 115 
534 107 
535 117 
536 94 
537 97 
538 108 
539 111 
540 87 
541 112 
542 107 
543 109 
544 98 
545 84 
546 117 
547 129 
548 109 
549 92 
550 103 
551 113 
552 112 
553 102 
554 98 
555 123 
556 92 
557 100 
558 102 
559 100 
560 93 
561 103 
562 98 
563 79 
564 102 
565 86 
566 98 
567 98 
568 95 
569 106 
570 93 
571 124 
572 122 
573 102 
574 108 
575 97 
576 101 
577 108 
578 108 
579 82 
580 103 
581 78 
582 99 
583 96 
584 100 
585 80 
586 92 
587 85 
588 94 
589 110 
590 98 
591 107 
592 90 
593 88 
594 71 
595 85 
596 94 
597 93 
598 110 
599 86 
600 105 
601 105 
602 107 
603 92 
604 90 
605 92 
606 84 
607 99 
608 76 
609 79 
610 92 
611 79 
612 86 
613 89 
614 74 
615 94 
616 90 
617 79 
618 105 
619 89 
620 107 
621 97 
622 81 
623 85 
624 99 
625 100 
626 106 
627 116 
628 120 
629 106 
630 113 
631 108 
632 106 
633 112 
634 108 
635 97 
636 88 
637 108 
638 88 
639 96 
640 103 
641 82 
642 79 
643 80 
644 104 
645 86 
646 91 
647 75 
648 93 
649 78 
650 82 
651 80 
652 107 
653 95 
654 116 
655 85 
656 105 
657 91 
658 106 
659 83 
660 95 
661 87 
662 72 
663 90 
664 99 
665 83 
666 80 
667 67 
668 81 
669 84 
670 103 
671 79 
672 76 
673 87 
674 75 
675 80 
676 76 
677 86 
678 67 
679 75 
680 86 
681 72 
682 64 
683 93 
684 93 
685 91 
686 85 
687 92 
688 112 
689 114 
690 128 
691 117 
692 148 
693 162 
694 145 
695 202 
696 190 
697 235 
698 252 
699 224 
700 242 
701 265 
702 266 
703 245 
704 267 
705 230 
706 229 
707 193 
708 168 
709 184 
710 145 
711 148 
712 131 
713 123 
714 118 
715 102 
716 120 
717 91 
718 94 
719 82 
720 73 
721 59 
722 74 
723 57 
724 59 
725 77 
726 87 
727 76 
728 80 
729 61 
730 57 
731 52 
732 59 
733 69 
734 76 
735 70 
736 69 
737 66 
738 68 
739 74 
740 69 
741 58 
742 67 
743 84 
744 64 
745 53 
746 62 
747 53 
748 61 
749 63 
750 67 
751 65 
752 55 
753 62 
754 56 
755 57 
756 56 
757 59 
758 61 
759 64 
760 73 
761 61 
762 64 
763 56 
764 65 
765 72 
766 69 
767 83 
768 79 
769 66 
770 107 
771 79 
772 106 
773 138 
774 160 
775 196 
776 277 
777 262 
778 400 
779 455 
780 588 
781 737 
782 897 
783 1153 
784 1448 
785 1674 
786 2054 
787 2457 
788 2775 
789 3163 
790 3731 
791 4119 
792 4498 
793 4921 
794 5162 
795 5727 
796 5895 
797 6353 
798 6540 
799 6670 
800 6968 
801 7109 
802 6986 
803 7201 
804 7381 
805 7484 
806 7676 
807 7659 
808 7596 
809 7432 
810 7361 
811 6711 
812 6182 
813 5111 
814 3968 
815 2873 
816 1856 
817 1104 
818 578 
819 320 
820 185 
821 97 
822 87 
823 53 
824 56 
825 35 
826 37 
827 38 
828 29 
829 9 
830 14 
831 10 
832 10 
833 13 
834 7 
835 6 
836 12 
837 6 
838 7 
839 5 
840 5 
841 6 
842 6 
843 6 
844 9 
845 6 
846 4 
847 5 
848 5 
849 4 
850 7 
851 8 
852 5 
853 5 
854 2 
855 7 
856 6 
857 7 
858 0 
859 3 
860 1 
861 1 
862 2 
863 5 
864 2 
865 5 
866 5 
867 5 
868 1 
869 3 
870 4 
871 2 
872 3 
873 2 
874 7 
875 4 
876 5 
877 2 
878 4 
879 6 
880 4 
881 4 
882 2 
883 1 
884 1 
885 4 
886 2 
887 3 
888 4 
889 2 
890 1 
891 0 
892 6 
893 3 
894 4 
895 3 
896 4 
897 1 
898 1 
899 1 
900 5 
901 1 
902 3 
903 3 
904 5 
905 1 
906 2 
907 0 
908 3 
909 1 
910 3 
911 5 
912 6 
913 4 
914 3 
915 1 
916 1 
917 2 
918 0 
919 3 
920 4 
921 2 
922 2 
923 2 
924 3 
925 3 
926 1 
927 3 
928 1 
929 3 
930 3 
931 3 
932 3 
933 2 
934 0 
935 2 
936 2 
937 1 
938 2 
939 3 
940 5 
941 1 
942 3 
943 0 
944 1 
945 5 
946 2 
947 2 
948 1 
949 5 
950 1 
951 4 
952 2 
953 0 
954 3 
955 2 
956 5 
957 1 
958 2 
959 3 
960 1 
961 1 
962 2 
963 1 
964 2 
965 2 
966 3 
967 1 
968 2 
969 1 
970 1 
971 1 
972 1 
973 0 
974 0 
975 1 
976 3 
977 1 
978 0 
979 2 
980 2 
981 1 
982 1 
983 1 
984 0 
985 0 
986 3 
987 3 
988 2 
989 3 
990 2 
991 1 
992 3 
993 2 
994 0 
995 2 
996 2 
997 1 
998 3 
999 4 
1000 2 
1001 1 
1002 0 
1003 1 
1004 1 
1005 0 
1006 1 
1007 2 
1008 4 
1009 1 
1010 1 
1011 1 
1012 1 
1013 2 
1014 2 
1015 4 
1016 2 
1017 0 
1018 1 
1019 2 
1020 2 
1021 2 
1022 3 
