    179     181       0       0       0       0       0       0
      0       0       0       0       0       0       0       0
      0       0       0       0       0       0       0       0
      0       0       0       0       0       0       0       0
      0       0       0       0       0       0       0       0
      0       0       0       0       0       0       0       0
      0       0       0       0       0       0       0       0
      0       0       0       0       0       0       0       0
      0       0       0       0       0       0       0       0
      0       0       0       0       0       0       0       0
      0       0       0       0       0       0       0       0
      0       0       1     102     400     310     394     349
    363     378     367     335     345     351     367     363
    330     397     362     335     373     352     312     362
    359     348     327     371     349     310     337     361
    320     328     332     326     335     318     339     327
    310     341     332     309     282     363     339     312
    305     317     339     291     312     351     342     358
    357     305     329     293     319     308     317     317
    289     332     310     293     300     325     296     313
    292     284     315     282     297     318     310     284
    249     279     288     307     304     275     273     286
    291     276     287     280     287     281     307     262
    277     270     300     306     296     334     271     288
    263     284     299     310     278     243     267     288
    280     265     257     292     273     258     257     263
    256     271     237     268     252     262     293     281
    268     260     243     270     254     271     248     232
    248     225     262     250     269     256     232     247
    240     236     252     240     244     256     274     237
    228     249     231     240     249     213     242     225
    236     270     229     253     213     256     237     246
    233     228     230     234     240     263     208     211
    214     231     221     217     218     220     222     230
    210     212     218     241     227     236     228     180
    241     234     246     234     228     216     202     216
    198     217     207     208     209     206     230     199
    221     181     199     198     221     229     209     190
    211     232     213     193     224     217     198     214
    180     218     210     211     201     161     183     193
    189     189     229     207     184     177     194     203
    198     193     177     212     169     185     185     195
    181     183     188     190     175     220     193     194
    201     185     181     188     181     185     173     166
    184     197     163     198     162     190     161     178
    205     154     182     151     173     188     163     166
    165     178     172     159     169     176     157     166
    164     170     152     189     147     155     136     172
    138     152     162     134     153     163     156     161
    172     156     159     129     141     141     128     137
    139     142     121     131     165     130     139     121
    139     138     140     132     129     150     123     138
    146     127     138     137     142     152     134     124
    147     144     109     131     118     133     145     134
    127     151     137     113     144     110     118     119
    109     114     141     120     122     125     116     103
    131     109     111     108     106     123     111     135
    108     115      98     126     109     105     101     115
     93     121     106      95      98     116      92     104
    100     118     108      85     121     106     104     115
     90      95      97     101      93      88     107     100
    105      94      87      72     114      91      89     118
    101      90      99      86      80      91      88      91
     69      93      67      85      87      84      83      96
     83      76      60      86      62      71      79      75
     78      88      81      79      73      70      72      76
     71      65      67      83      62      73      78      73
     69      58      74      85      75      72      79      63
     54      53      67      63      70      54      50      86
     69      60      69      57      68      74      73      60
     54      73      56      46      56      60      57      49
     53      51      71      47      46      47      56      60
     55      48      72      43      72      44      52      55
     64      54      51      51      60      60      69      58
     67      52      62      52      81      66      47      65
     51      60      49      56      57      48      45      50
     54      49      34      28      40      45      39      52
     47      44      43      35      40      36      44      40
     36      37      44      53      38      44      41      36
     34      48      38      40      33      29      40      40
     44      49      44      51      52      59      65      86
     92      65      69      75      56      60      58      53
     41      43      39      38      41      33      31      32
     37      33      36      38      31      29      37      27
     35      22      32      44      35      32      28      30
     26      30      28      28      20      23      30      29
     35      28      29      25      28      37      26      30
     27      24      32      20      22      23      28      20
     22      28      26      27      29      42      35      49
     50      59      86      81     113     124     155     142
    147     131     132     105      70      55      51      31
     35      24      21      28      20      19      26      26
     28      25      24      24      27      26      25      27
     20      25      29      30      27      37      28      25
     29      22      25      23      19      25      20      26
     15      18      15      22      14      23      17      19
     20      20      13      13      13      13      18      13
     17      12      24      23      22      31      30      24
     28      29      28      34      21      32      29      31
     37      32      39      47      49      93     137     185
    309     364     601     914    1282    1837    2460    3217
   3985    4658    5305    5882    6013    5775    5166    4279
   3003    2003    1231     619     268     145      79      50
     39      24      22      19      16      17       6       6
      8       5       3       5       6       4       4       5
      5       0       2       2       1       1       0       0
      3       0       3       0       2       0       0       1
      2       1       1       0       2       3       0       1
      2       1       4       2       0       1       3       2
      0       0       0       1       0       2       3       2
      2       2       1       1       0       0       1       3
      0       0       1       2       2       2       1       1
      0       1       1       0       0       0       2       1
      0       1       0       1       3       1       1       0
      1       1       0       0       1       0       1       0
      1       0       2       0       0       0       0       1
      1       2       0       0       0       0       1       1
      0       1       1       1       0       0       2       2
      0       1       2       1       0       1       0       1
      2       1       0       1       0       0       1       1
      0       0       0       0       0       0       0       1
      3       0       1       0       1       1       0       0
      0       0       1       1       0       0       0       1
      0       2       1       0       0       0       1       1
      1       0       0       0       0       0       0       1
      1       1       1       1       0       0       1       0
      0       0       0       0       2       1       2       1
      0       0       1       0       0       0       1       1
$Angles (tilt,azimute): 0 0
$Date & Time          :24-04-2023         13:52:32
$RBS1run08.dat
$B(13:49:27) = -2.282480 kG
$B(13:49:16) = -2.282370 
