    190     192       0       0       0       0       0       0
      0       0       0       0       0       0       0       0
      0       0       0       0       0       0       0       0
      0       0       0       0       0       0       0       0
      0       0       0       0       0       0       0       0
      0       0       0       0       0       0       0       0
      0       0       0       0       0       0       0       0
      0       0       0       0       0       0       0       0
      0       0       0       0       0       0       0       0
      0       0       0       0       0       0       0       0
      0       0       0       0       0       0       0       0
      0       2       3      98     415     410     380     408
    442     430     408     458     413     407     410     398
    383     395     368     383     399     408     373     408
    399     373     392     380     402     372     336     383
    367     347     382     351     364     403     384     381
    396     363     376     401     341     371     374     388
    331     374     364     378     367     387     354     377
    336     353     338     383     351     365     359     357
    348     351     333     362     383     343     370     346
    329     348     328     398     346     331     308     333
    324     346     321     309     362     326     340     330
    328     325     331     353     302     334     351     315
    348     338     331     347     317     297     318     354
    373     297     320     328     337     329     338     335
    312     318     322     345     307     341     320     315
    327     315     332     311     293     348     306     337
    279     347     290     305     309     318     311     330
    325     298     287     333     265     291     319     324
    313     283     327     282     281     312     297     286
    289     291     290     312     305     269     299     284
    263     290     271     274     278     302     258     312
    310     290     251     279     284     281     307     281
    271     269     279     270     302     253     316     258
    279     255     263     300     250     271     296     262
    244     270     268     265     261     283     241     296
    263     249     248     234     259     286     272     282
    265     256     229     266     251     262     281     257
    272     235     270     244     265     257     250     261
    260     260     248     258     233     232     241     232
    219     209     226     222     247     231     209     255
    258     262     237     248     242     240     217     229
    229     220     231     224     236     226     215     233
    206     223     241     207     200     208     212     258
    231     185     255     208     224     189     231     214
    214     227     210     219     209     230     185     192
    209     221     191     211     233     223     236     245
    214     190     204     207     207     196     186     205
    201     220     202     175     173     193     190     220
    205     196     198     188     183     161     213     215
    188     182     181     173     208     185     177     182
    173     200     167     196     201     195     192     192
    154     162     190     189     183     158     176     213
    165     181     172     174     164     165     142     180
    171     169     192     179     159     169     192     182
    175     186     158     157     170     171     161     167
    155     154     147     185     153     172     150     153
    142     154     171     137     159     150     150     150
    158     151     134     145     171     170     150     140
    143     139     149     105     138     142     166     157
    144     137     157     126     130     151     134     150
    124     137     150     112     148     140     139     132
    114     117     126     137     127     137     148     131
    127     123     128     130     131     142     118     107
    115     106     117     116     113     131     123     110
    122     127     115     105     105     118     116     108
     97     129     124      99     120     120     112      95
    126     122     103     111     104      93     116      99
    110      97      93     111      98      93      93      97
     98     110      80      92      94      76     101     101
     91      85      92     103      79     111      88      89
     78      95      88      88      92      93      87      91
     98      66      91      68      71      85     101      82
     80      94     100      85      72      82     101     104
     90      92      89      97      97     118      80      79
     81      96      87      71      89      75      71      58
     79      70      80      80      74      71      71      58
     73      59      60      59      62      76      64      57
     63      65      61      57      56      62      59      63
     57      50      45      53      61      55      62      63
     52      63      67      89      92      87      93      85
    103      99      94      89      96      72      74      64
     67      50      61      51      50      57      43      46
     35      47      39      40      44      33      44      42
     34      38      46      43      41      47      45      38
     38      44      50      29      36      37      25      34
     42      49      41      30      34      34      38      36
     46      40      36      30      41      35      36      30
     51      43      33      34      51      48      62      62
     70      75      86      88     114     149     139     163
    154     147     124      94      77      78      53      47
     42      41      19      34      32      30      23      27
     29      18      24      27      29      29      19      32
     43      26      30      24      24      26      29      20
     29      30      31      24      32      17      29      20
     28      27      18      18      18      19      20      20
     13      16      20      12      14      16      15      20
     18      17      20      17      21      27      22      25
     29      32      22      22      31      27      33      36
     32      58      41      60      83     110     156     231
    330     459     718    1042    1501    1883    2704    3398
   4216    4799    5593    5900    6264    6132    5630    4641
   3553    2338    1436     761     340     168      92      45
     34      18      20      26      16      18      22       6
     10       9       5      11       3       4       3       1
      2       6       4       3       1       4       5       0
      1       3       3       0       1       4       3       0
      2       0       1       0       1       1       2       2
      2       0       1       0       2       2       5       2
      0       1       2       0       2       1       0       2
      1       1       0       2       1       6       2       5
      0       0       0       1       1       1       0       1
      2       2       3       0       0       0       1       0
      3       1       1       2       4       0       1       1
      1       3       0       1       0       1       0       0
      0       1       1       1       0       3       0       0
      1       2       1       1       0       0       3       0
      0       0       2       2       1       1       0       1
      3       1       0       0       0       4       0       0
      0       0       1       0       1       0       1       1
      0       0       1       1       1       0       0       0
      0       1       0       1       0       0       0       1
      1       0       1       1       0       0       0       1
      0       2       1       0       1       1       0       0
      2       0       0       0       2       0       0       0
      0       0       1       0       0       0       2       1
      0       0       0       0       0       1       0       1
      0       0       1       2       0       0       0       0
$Angles (tilt,azimute): 0 0
$Date & Time          :24-04-2023         13:59:55
$RBS1run10.dat
$B(13:56:39) = -2.282350 kG
$B(13:56:34) = -2.282430 
