    183     187       0       0       0       0       0       0
      0       0       0       0       0       0       0       0
      0       0       0       0       0       0       0       0
      0       0       0       0       0       0       0       0
      0       0       0       0       0       0       0       0
      0       0       0       0       0       0       0       0
      0       0       0       0       0       0       0       0
      0       0       0       0       0       0       0       0
      0       0       0       0       0       0       0       0
      0       0       0       0       0       0       0       0
      0       0       0       0       0       0       0       0
      0       0       0      80     396     345     358     320
    401     353     347     380     360     370     329     361
    342     353     357     348     336     340     337     344
    345     324     310     298     365     348     337     326
    336     320     304     314     331     304     363     318
    333     291     325     344     316     307     294     307
    346     312     358     319     317     327     325     333
    333     308     334     336     326     318     300     309
    297     309     326     315     287     353     303     287
    316     309     335     317     294     315     288     297
    292     278     302     300     301     278     278     280
    304     307     288     255     277     309     262     295
    272     258     294     259     272     266     275     257
    217     283     255     264     280     295     269     271
    279     288     284     298     281     260     257     247
    241     274     257     237     252     290     283     235
    264     258     278     255     267     253     277     253
    256     229     243     239     238     232     261     266
    259     254     246     295     219     241     246     244
    236     229     247     245     228     215     222     227
    237     226     221     231     241     236     213     259
    247     232     237     241     227     230     254     222
    227     242     225     212     205     225     228     225
    216     231     236     227     216     236     208     208
    243     234     226     211     226     224     205     212
    185     236     225     222     208     225     207     207
    192     197     197     206     229     177     200     202
    215     167     196     199     208     212     200     192
    206     199     177     211     174     192     182     200
    174     188     198     166     197     176     204     196
    194     176     177     202     194     181     193     206
    189     182     183     172     167     170     168     184
    177     201     164     181     189     159     171     191
    159     187     177     205     180     173     180     159
    174     190     148     153     187     183     190     154
    163     154     169     176     141     148     186     157
    163     174     166     165     139     164     149     170
    159     151     156     129     166     181     176     149
    148     177     165     144     141     135     119     154
    153     162     156     144     151     109     156     135
    162     133     134     150     158     155     142     135
    131     139     133     143     127     132     143     149
    133     151     135     121     155     150     120     158
    135     129     124     141     162     148     134     140
    124     139     141     116     132     137     133     123
    115     122     124     114     112     124     132     122
    138     135     122     114     126     123     106     127
    125     101     119     118     156     120     105     129
    119     119     104     122     122     135     111     130
    107     122     111     128     129     104     107     109
    106     116     108     109      98      94     108     119
     99     101     102      95      97     107     121     102
    104      93     126     105      99     105     104     106
    101      92      96     113      88      84     110     110
     89      98      84      72      96      95      85      76
     86     102      81      93      83      94      82      96
     88     105      97      90      79      80      95      87
     98      75      84      83      70      88      86      83
     95      84      86      86      88      82      98      83
     91      83      90      98      92      82      81      97
     95      81      72      77      68     111     101      79
     77      68      86      70      76      67      94      80
     85      82      77      91      58      81      75      83
     70      78      84      77      80      82      93      69
     69      62      71      80      76      64      63      67
     63      68      76      63      73      61      73      70
     49      64      53      70      57      65      50      61
     56      70      57      58      72      69      64      62
     74      70      72      58      85      85      88      62
     67      78      69      76      59      84      75      73
     89      81      71      90      79      77      65      77
     66      74      63      66      56      67      56      60
     62      58      67      61      57      75      56      59
     59      77      57      61      54      54      64      53
     53      60      54      74      52      57      56      62
     66      55      69      58      66      57      45      44
     60      61      60      58      59      47      63      46
     63      67      73      62      49      54      54      55
     46      53      54      48      49      38      58      56
     70      52      68      52      65      62      63      57
     67      71      54      62      61      62      59      43
     55      61      64      54      60      73      57      45
     52      63      46      53      64      47      54      47
     52      40      41      48      41      38      57      35
     35      30      32      36      46      47      46      43
     43      50      56      53      69      68      89     111
    130     156     172     209     289     376     477     608
    783    1051    1281    1623    1918    2321    2719    3283
   3699    4196    4714    5064    5431    5941    6018    6289
   6613    6763    7133    7054    7158    7193    7012    6800
   6482    5730    4749    3644    2428    1626     905     450
    195     120      74      60      53      40      32      27
     24      14      15       9      10      10       8       5
      6       6       6       3       7       5       1       4
      3       3       1       4       2       1       5       5
      2       2       5       3       3       3       5       4
      3       0       2       2       2       4       3       2
      3       6       0       1       3       3       1       2
      1       3       3       1       1       5       0       3
      2       5       4       2       2       2       5       4
      1       3       3       3       1       2       2       1
      2       3       0       3       2       0       0       0
      2       1       2       0       2       2       1       0
      0       2       1       2       1       1       3       1
      2       1       3       2       2       1       3       1
      1       3       3       1       1       3       3       2
      0       2       2       0       1       4       0       1
      1       1       1       1       2       4       2       1
      1       1       1       0       1       3       2       1
      0       0       3       2       0       2       0       2
      1       1       2       0       1       0       1       2
      1       3       0       0       0       1       1       0
      1       1       0       3       2       0       1       0
      0       2       2       1       0       1       1       2
      2       1       1       0       2       1       1       2
      1       1       1       3       0       0       1       1
      0       0       1       0       1       2       0       0
$Angles (tilt,azimute): 0 0
$Date & Time          :24-04-2023         13:33:03
$RBS1run03.dat
$B(13:29:52) = -2.282330 kG
$B(13:29:51) = -2.282320 kG
