1 0 
2 0 
3 0 
4 0 
5 0 
6 0 
7 0 
8 0 
9 0 
10 0 
11 0 
12 0 
13 0 
14 0 
15 0 
16 0 
17 0 
18 0 
19 0 
20 0 
21 0 
22 0 
23 0 
24 0 
25 0 
26 0 
27 0 
28 0 
29 0 
30 0 
31 0 
32 0 
33 0 
34 0 
35 0 
36 0 
37 0 
38 0 
39 0 
40 0 
41 0 
42 0 
43 0 
44 0 
45 0 
46 0 
47 0 
48 0 
49 0 
50 0 
51 0 
52 0 
53 0 
54 0 
55 0 
56 0 
57 0 
58 0 
59 0 
60 0 
61 0 
62 0 
63 0 
64 0 
65 0 
66 0 
67 0 
68 0 
69 0 
70 0 
71 0 
72 0 
73 0 
74 0 
75 0 
76 0 
77 0 
78 0 
79 0 
80 0 
81 0 
82 0 
83 0 
84 0 
85 0 
86 0 
87 1 
88 0 
89 2 
90 109 
91 384 
92 407 
93 379 
94 350 
95 335 
96 376 
97 342 
98 379 
99 360 
100 336 
101 398 
102 346 
103 348 
104 340 
105 325 
106 398 
107 337 
108 347 
109 349 
110 341 
111 321 
112 338 
113 370 
114 346 
115 346 
116 382 
117 364 
118 342 
119 336 
120 329 
121 355 
122 317 
123 349 
124 346 
125 332 
126 338 
127 331 
128 323 
129 352 
130 335 
131 344 
132 325 
133 293 
134 334 
135 297 
136 312 
137 305 
138 348 
139 326 
140 300 
141 327 
142 301 
143 294 
144 312 
145 278 
146 326 
147 308 
148 313 
149 328 
150 323 
151 294 
152 323 
153 308 
154 320 
155 307 
156 321 
157 331 
158 323 
159 311 
160 310 
161 263 
162 311 
163 310 
164 316 
165 302 
166 294 
167 265 
168 299 
169 311 
170 291 
171 315 
172 324 
173 301 
174 272 
175 291 
176 328 
177 280 
178 259 
179 272 
180 295 
181 291 
182 307 
183 265 
184 308 
185 273 
186 288 
187 272 
188 304 
189 291 
190 269 
191 276 
192 282 
193 284 
194 288 
195 265 
196 314 
197 284 
198 302 
199 284 
200 236 
201 259 
202 237 
203 282 
204 292 
205 284 
206 245 
207 283 
208 273 
209 248 
210 270 
211 258 
212 287 
213 254 
214 278 
215 274 
216 259 
217 261 
218 237 
219 269 
220 241 
221 277 
222 237 
223 269 
224 266 
225 299 
226 291 
227 261 
228 246 
229 255 
230 238 
231 266 
232 273 
233 254 
234 270 
235 253 
236 243 
237 246 
238 266 
239 224 
240 235 
241 289 
242 237 
243 247 
244 231 
245 236 
246 236 
247 271 
248 259 
249 214 
250 233 
251 258 
252 241 
253 242 
254 242 
255 234 
256 236 
257 225 
258 224 
259 261 
260 227 
261 223 
262 214 
263 225 
264 249 
265 215 
266 241 
267 218 
268 212 
269 207 
270 224 
271 240 
272 215 
273 222 
274 207 
275 241 
276 223 
277 222 
278 238 
279 228 
280 237 
281 245 
282 223 
283 237 
284 205 
285 217 
286 199 
287 218 
288 221 
289 208 
290 223 
291 235 
292 212 
293 228 
294 245 
295 186 
296 245 
297 216 
298 190 
299 230 
300 233 
301 194 
302 226 
303 218 
304 216 
305 199 
306 194 
307 231 
308 197 
309 229 
310 210 
311 192 
312 221 
313 214 
314 194 
315 195 
316 206 
317 194 
318 196 
319 190 
320 194 
321 197 
322 195 
323 208 
324 188 
325 207 
326 201 
327 174 
328 207 
329 185 
330 196 
331 193 
332 170 
333 197 
334 204 
335 170 
336 186 
337 185 
338 186 
339 202 
340 187 
341 190 
342 171 
343 199 
344 202 
345 200 
346 181 
347 197 
348 196 
349 201 
350 172 
351 195 
352 198 
353 184 
354 191 
355 166 
356 151 
357 160 
358 181 
359 183 
360 174 
361 190 
362 156 
363 151 
364 191 
365 186 
366 190 
367 139 
368 183 
369 172 
370 194 
371 159 
372 137 
373 191 
374 177 
375 156 
376 174 
377 178 
378 155 
379 168 
380 160 
381 173 
382 142 
383 164 
384 166 
385 179 
386 172 
387 157 
388 154 
389 148 
390 160 
391 185 
392 146 
393 128 
394 161 
395 158 
396 174 
397 139 
398 156 
399 170 
400 158 
401 154 
402 168 
403 165 
404 132 
405 167 
406 162 
407 164 
408 146 
409 155 
410 173 
411 146 
412 139 
413 156 
414 131 
415 144 
416 132 
417 174 
418 138 
419 145 
420 142 
421 128 
422 147 
423 128 
424 130 
425 154 
426 147 
427 159 
428 140 
429 133 
430 134 
431 135 
432 155 
433 127 
434 133 
435 138 
436 128 
437 141 
438 144 
439 149 
440 143 
441 130 
442 124 
443 117 
444 160 
445 146 
446 143 
447 133 
448 136 
449 127 
450 123 
451 126 
452 128 
453 103 
454 133 
455 136 
456 135 
457 124 
458 126 
459 116 
460 130 
461 114 
462 122 
463 118 
464 134 
465 100 
466 130 
467 125 
468 127 
469 100 
470 131 
471 146 
472 103 
473 116 
474 106 
475 115 
476 114 
477 106 
478 115 
479 132 
480 131 
481 123 
482 110 
483 131 
484 111 
485 105 
486 107 
487 132 
488 112 
489 109 
490 114 
491 106 
492 127 
493 131 
494 116 
495 107 
496 103 
497 111 
498 112 
499 106 
500 126 
501 107 
502 108 
503 105 
504 98 
505 130 
506 99 
507 97 
508 94 
509 103 
510 112 
511 89 
512 118 
513 103 
514 110 
515 101 
516 118 
517 102 
518 97 
519 108 
520 97 
521 89 
522 119 
523 97 
524 110 
525 105 
526 85 
527 104 
528 88 
529 90 
530 101 
531 101 
532 94 
533 101 
534 87 
535 110 
536 88 
537 97 
538 98 
539 91 
540 98 
541 102 
542 79 
543 100 
544 84 
545 91 
546 90 
547 99 
548 93 
549 100 
550 80 
551 92 
552 86 
553 99 
554 98 
555 73 
556 98 
557 96 
558 92 
559 96 
560 98 
561 75 
562 93 
563 92 
564 83 
565 76 
566 99 
567 92 
568 85 
569 93 
570 79 
571 75 
572 91 
573 97 
574 87 
575 79 
576 83 
577 81 
578 92 
579 78 
580 90 
581 88 
582 80 
583 88 
584 84 
585 73 
586 94 
587 90 
588 83 
589 88 
590 87 
591 73 
592 86 
593 75 
594 91 
595 91 
596 88 
597 95 
598 93 
599 87 
600 73 
601 75 
602 91 
603 84 
604 84 
605 73 
606 65 
607 62 
608 81 
609 77 
610 77 
611 88 
612 76 
613 64 
614 50 
615 86 
616 84 
617 81 
618 76 
619 84 
620 76 
621 80 
622 76 
623 93 
624 97 
625 80 
626 100 
627 115 
628 102 
629 100 
630 103 
631 99 
632 106 
633 86 
634 95 
635 101 
636 97 
637 104 
638 93 
639 104 
640 100 
641 95 
642 103 
643 82 
644 78 
645 84 
646 102 
647 88 
648 81 
649 86 
650 95 
651 82 
652 95 
653 78 
654 88 
655 76 
656 73 
657 78 
658 72 
659 69 
660 67 
661 76 
662 97 
663 63 
664 66 
665 70 
666 79 
667 67 
668 77 
669 69 
670 77 
671 74 
672 71 
673 73 
674 66 
675 58 
676 63 
677 70 
678 76 
679 62 
680 80 
681 69 
682 64 
683 75 
684 60 
685 86 
686 90 
687 95 
688 96 
689 84 
690 124 
691 129 
692 134 
693 179 
694 185 
695 207 
696 243 
697 238 
698 239 
699 258 
700 262 
701 292 
702 289 
703 249 
704 251 
705 226 
706 216 
707 183 
708 188 
709 157 
710 139 
711 144 
712 114 
713 133 
714 108 
715 90 
716 94 
717 73 
718 70 
719 69 
720 64 
721 61 
722 72 
723 69 
724 66 
725 70 
726 63 
727 64 
728 48 
729 59 
730 75 
731 57 
732 61 
733 61 
734 63 
735 72 
736 67 
737 74 
738 55 
739 74 
740 50 
741 47 
742 65 
743 60 
744 58 
745 68 
746 60 
747 57 
748 53 
749 62 
750 62 
751 58 
752 50 
753 61 
754 48 
755 60 
756 49 
757 44 
758 53 
759 49 
760 39 
761 49 
762 45 
763 50 
764 51 
765 59 
766 65 
767 76 
768 92 
769 93 
770 97 
771 129 
772 157 
773 176 
774 212 
775 256 
776 355 
777 401 
778 496 
779 611 
780 761 
781 1007 
782 1048 
783 1375 
784 1663 
785 2005 
786 2334 
787 2730 
788 3089 
789 3579 
790 4080 
791 4412 
792 4795 
793 5247 
794 5729 
795 5957 
796 6320 
797 6378 
798 6691 
799 6847 
800 7077 
801 7103 
802 7321 
803 7493 
804 7481 
805 7365 
806 7158 
807 6710 
808 6104 
809 5251 
810 4137 
811 2982 
812 2017 
813 1238 
814 766 
815 431 
816 241 
817 134 
818 85 
819 59 
820 54 
821 34 
822 26 
823 36 
824 24 
825 14 
826 18 
827 13 
828 12 
829 12 
830 11 
831 13 
832 7 
833 13 
834 7 
835 4 
836 5 
837 10 
838 8 
839 6 
840 5 
841 4 
842 7 
843 6 
844 7 
845 2 
846 7 
847 4 
848 6 
849 2 
850 6 
851 6 
852 8 
853 6 
854 5 
855 2 
856 4 
857 4 
858 7 
859 6 
860 5 
861 2 
862 7 
863 2 
864 4 
865 9 
866 5 
867 4 
868 1 
869 3 
870 3 
871 4 
872 3 
873 2 
874 4 
875 1 
876 1 
877 3 
878 3 
879 5 
880 2 
881 2 
882 1 
883 2 
884 6 
885 1 
886 1 
887 3 
888 4 
889 2 
890 3 
891 4 
892 3 
893 1 
894 4 
895 5 
896 1 
897 3 
898 7 
899 1 
900 5 
901 3 
902 1 
903 2 
904 2 
905 4 
906 2 
907 2 
908 4 
909 4 
910 1 
911 2 
912 3 
913 1 
914 1 
915 2 
916 3 
917 6 
918 4 
919 4 
920 0 
921 1 
922 1 
923 4 
924 3 
925 3 
926 3 
927 0 
928 2 
929 2 
930 2 
931 1 
932 3 
933 3 
934 2 
935 1 
936 1 
937 2 
938 2 
939 4 
940 8 
941 2 
942 0 
943 3 
944 3 
945 3 
946 2 
947 3 
948 1 
949 1 
950 0 
951 7 
952 6 
953 1 
954 1 
955 3 
956 4 
957 3 
958 0 
959 6 
960 3 
961 1 
962 0 
963 2 
964 1 
965 1 
966 1 
967 3 
968 0 
969 3 
970 0 
971 0 
972 2 
973 0 
974 1 
975 2 
976 1 
977 1 
978 2 
979 0 
980 3 
981 3 
982 1 
983 1 
984 2 
985 0 
986 4 
987 2 
988 1 
989 2 
990 0 
991 1 
992 1 
993 2 
994 4 
995 1 
996 0 
997 1 
998 4 
999 3 
1000 1 
1001 3 
1002 2 
1003 0 
1004 2 
1005 1 
1006 3 
1007 1 
1008 0 
1009 1 
1010 0 
1011 2 
1012 2 
1013 2 
1014 0 
1015 2 
1016 1 
1017 2 
1018 2 
1019 2 
1020 1 
1021 4 
1022 4 
