1 0 
2 0 
3 0 
4 0 
5 0 
6 0 
7 0 
8 0 
9 0 
10 0 
11 0 
12 0 
13 0 
14 0 
15 0 
16 0 
17 0 
18 0 
19 0 
20 0 
21 0 
22 0 
23 0 
24 0 
25 0 
26 0 
27 0 
28 0 
29 0 
30 0 
31 0 
32 0 
33 0 
34 0 
35 0 
36 0 
37 0 
38 0 
39 0 
40 0 
41 0 
42 0 
43 0 
44 0 
45 0 
46 0 
47 0 
48 0 
49 0 
50 0 
51 0 
52 0 
53 0 
54 0 
55 0 
56 0 
57 0 
58 0 
59 0 
60 0 
61 0 
62 0 
63 0 
64 0 
65 0 
66 0 
67 0 
68 0 
69 0 
70 0 
71 0 
72 0 
73 0 
74 0 
75 0 
76 0 
77 0 
78 0 
79 0 
80 0 
81 0 
82 0 
83 0 
84 0 
85 0 
86 0 
87 1 
88 0 
89 7 
90 100 
91 426 
92 374 
93 376 
94 372 
95 386 
96 389 
97 399 
98 403 
99 418 
100 377 
101 373 
102 396 
103 382 
104 381 
105 390 
106 378 
107 403 
108 415 
109 387 
110 377 
111 375 
112 367 
113 382 
114 380 
115 357 
116 385 
117 373 
118 371 
119 388 
120 337 
121 368 
122 374 
123 358 
124 336 
125 346 
126 341 
127 390 
128 358 
129 375 
130 327 
131 348 
132 347 
133 333 
134 355 
135 343 
136 355 
137 330 
138 355 
139 320 
140 361 
141 349 
142 318 
143 339 
144 337 
145 321 
146 322 
147 314 
148 354 
149 333 
150 313 
151 336 
152 368 
153 355 
154 347 
155 347 
156 319 
157 322 
158 333 
159 301 
160 337 
161 311 
162 362 
163 332 
164 337 
165 315 
166 324 
167 333 
168 336 
169 347 
170 317 
171 303 
172 324 
173 344 
174 313 
175 316 
176 340 
177 311 
178 307 
179 269 
180 323 
181 331 
182 325 
183 312 
184 295 
185 309 
186 319 
187 286 
188 282 
189 278 
190 312 
191 280 
192 290 
193 314 
194 303 
195 311 
196 286 
197 300 
198 304 
199 303 
200 303 
201 292 
202 289 
203 293 
204 273 
205 279 
206 297 
207 275 
208 306 
209 296 
210 303 
211 300 
212 260 
213 296 
214 292 
215 286 
216 271 
217 292 
218 288 
219 272 
220 252 
221 270 
222 260 
223 285 
224 253 
225 290 
226 280 
227 273 
228 274 
229 275 
230 289 
231 274 
232 281 
233 273 
234 287 
235 260 
236 273 
237 248 
238 265 
239 278 
240 272 
241 265 
242 282 
243 282 
244 226 
245 236 
246 281 
247 239 
248 257 
249 264 
250 248 
251 263 
252 266 
253 252 
254 257 
255 254 
256 284 
257 258 
258 249 
259 252 
260 235 
261 276 
262 261 
263 249 
264 234 
265 268 
266 260 
267 243 
268 263 
269 241 
270 237 
271 258 
272 260 
273 255 
274 275 
275 223 
276 243 
277 276 
278 254 
279 249 
280 246 
281 208 
282 250 
283 268 
284 248 
285 238 
286 234 
287 238 
288 236 
289 246 
290 246 
291 221 
292 229 
293 249 
294 247 
295 229 
296 237 
297 230 
298 249 
299 241 
300 235 
301 237 
302 206 
303 232 
304 244 
305 224 
306 226 
307 250 
308 241 
309 247 
310 212 
311 227 
312 225 
313 211 
314 229 
315 264 
316 215 
317 231 
318 218 
319 220 
320 228 
321 193 
322 206 
323 208 
324 219 
325 243 
326 219 
327 218 
328 219 
329 216 
330 234 
331 190 
332 196 
333 181 
334 226 
335 223 
336 196 
337 218 
338 202 
339 217 
340 229 
341 212 
342 222 
343 177 
344 201 
345 192 
346 209 
347 213 
348 225 
349 205 
350 205 
351 207 
352 216 
353 197 
354 187 
355 216 
356 174 
357 203 
358 178 
359 187 
360 196 
361 189 
362 148 
363 171 
364 197 
365 201 
366 196 
367 194 
368 185 
369 163 
370 221 
371 197 
372 186 
373 157 
374 162 
375 196 
376 193 
377 169 
378 216 
379 191 
380 180 
381 193 
382 183 
383 164 
384 183 
385 168 
386 149 
387 165 
388 174 
389 180 
390 176 
391 190 
392 194 
393 170 
394 180 
395 172 
396 167 
397 180 
398 170 
399 184 
400 187 
401 180 
402 180 
403 193 
404 157 
405 169 
406 130 
407 177 
408 189 
409 146 
410 169 
411 167 
412 173 
413 197 
414 154 
415 152 
416 165 
417 176 
418 162 
419 171 
420 161 
421 158 
422 162 
423 151 
424 177 
425 157 
426 146 
427 159 
428 181 
429 169 
430 140 
431 156 
432 148 
433 173 
434 159 
435 158 
436 149 
437 163 
438 156 
439 147 
440 144 
441 138 
442 144 
443 165 
444 160 
445 151 
446 144 
447 150 
448 158 
449 160 
450 165 
451 146 
452 135 
453 118 
454 164 
455 145 
456 145 
457 147 
458 146 
459 173 
460 144 
461 160 
462 130 
463 151 
464 128 
465 128 
466 120 
467 122 
468 124 
469 145 
470 161 
471 143 
472 134 
473 138 
474 129 
475 127 
476 136 
477 160 
478 117 
479 134 
480 112 
481 131 
482 122 
483 135 
484 118 
485 135 
486 149 
487 131 
488 138 
489 140 
490 139 
491 131 
492 135 
493 146 
494 120 
495 127 
496 121 
497 135 
498 117 
499 129 
500 119 
501 137 
502 113 
503 135 
504 116 
505 131 
506 134 
507 129 
508 123 
509 95 
510 110 
511 107 
512 108 
513 115 
514 135 
515 123 
516 114 
517 102 
518 106 
519 114 
520 102 
521 118 
522 113 
523 104 
524 125 
525 119 
526 99 
527 103 
528 112 
529 120 
530 115 
531 86 
532 99 
533 126 
534 100 
535 122 
536 112 
537 105 
538 108 
539 94 
540 95 
541 108 
542 110 
543 135 
544 103 
545 104 
546 96 
547 104 
548 106 
549 112 
550 109 
551 102 
552 99 
553 95 
554 106 
555 110 
556 88 
557 95 
558 105 
559 85 
560 89 
561 83 
562 103 
563 96 
564 82 
565 110 
566 91 
567 91 
568 104 
569 85 
570 108 
571 89 
572 88 
573 100 
574 94 
575 100 
576 117 
577 96 
578 103 
579 99 
580 90 
581 105 
582 87 
583 103 
584 99 
585 98 
586 89 
587 114 
588 93 
589 98 
590 98 
591 99 
592 86 
593 82 
594 88 
595 95 
596 89 
597 78 
598 94 
599 102 
600 108 
601 87 
602 71 
603 72 
604 79 
605 75 
606 75 
607 66 
608 78 
609 85 
610 80 
611 70 
612 84 
613 82 
614 93 
615 67 
616 88 
617 82 
618 92 
619 91 
620 95 
621 90 
622 92 
623 79 
624 78 
625 87 
626 79 
627 93 
628 90 
629 86 
630 100 
631 73 
632 94 
633 100 
634 95 
635 118 
636 117 
637 96 
638 86 
639 99 
640 104 
641 102 
642 100 
643 82 
644 88 
645 97 
646 91 
647 89 
648 56 
649 69 
650 89 
651 80 
652 97 
653 66 
654 98 
655 106 
656 88 
657 88 
658 73 
659 70 
660 81 
661 84 
662 78 
663 74 
664 92 
665 75 
666 67 
667 72 
668 75 
669 77 
670 71 
671 78 
672 73 
673 75 
674 80 
675 63 
676 60 
677 60 
678 75 
679 74 
680 59 
681 63 
682 79 
683 66 
684 58 
685 66 
686 74 
687 73 
688 87 
689 76 
690 82 
691 78 
692 101 
693 99 
694 125 
695 151 
696 150 
697 183 
698 190 
699 221 
700 227 
701 228 
702 205 
703 279 
704 232 
705 253 
706 260 
707 246 
708 224 
709 214 
710 194 
711 185 
712 173 
713 155 
714 165 
715 135 
716 131 
717 129 
718 100 
719 86 
720 92 
721 73 
722 67 
723 82 
724 56 
725 64 
726 57 
727 58 
728 67 
729 57 
730 67 
731 96 
732 74 
733 74 
734 65 
735 74 
736 75 
737 57 
738 70 
739 69 
740 72 
741 69 
742 66 
743 69 
744 63 
745 86 
746 76 
747 70 
748 54 
749 57 
750 54 
751 56 
752 52 
753 67 
754 70 
755 51 
756 53 
757 53 
758 35 
759 50 
760 63 
761 45 
762 56 
763 58 
764 56 
765 46 
766 56 
767 54 
768 63 
769 55 
770 63 
771 63 
772 68 
773 75 
774 111 
775 111 
776 142 
777 204 
778 210 
779 225 
780 313 
781 426 
782 477 
783 575 
784 812 
785 961 
786 1229 
787 1412 
788 1656 
789 2056 
790 2302 
791 2642 
792 3089 
793 3350 
794 3913 
795 4203 
796 4571 
797 4976 
798 5379 
799 5539 
800 5720 
801 6354 
802 6409 
803 6668 
804 6836 
805 6945 
806 7085 
807 7330 
808 7221 
809 7486 
810 7184 
811 6999 
812 6503 
813 5667 
814 4754 
815 3564 
816 2465 
817 1508 
818 880 
819 485 
820 221 
821 154 
822 109 
823 83 
824 48 
825 40 
826 44 
827 29 
828 23 
829 25 
830 21 
831 20 
832 15 
833 8 
834 8 
835 3 
836 8 
837 10 
838 7 
839 4 
840 6 
841 5 
842 6 
843 4 
844 5 
845 3 
846 3 
847 5 
848 4 
849 1 
850 3 
851 6 
852 2 
853 3 
854 3 
855 4 
856 5 
857 1 
858 3 
859 4 
860 4 
861 2 
862 5 
863 7 
864 3 
865 2 
866 1 
867 3 
868 4 
869 4 
870 1 
871 3 
872 1 
873 2 
874 6 
875 5 
876 4 
877 0 
878 1 
879 3 
880 1 
881 0 
882 1 
883 3 
884 3 
885 0 
886 4 
887 4 
888 2 
889 2 
890 2 
891 0 
892 2 
893 4 
894 2 
895 1 
896 3 
897 3 
898 3 
899 4 
900 4 
901 3 
902 2 
903 3 
904 3 
905 3 
906 2 
907 2 
908 2 
909 3 
910 2 
911 3 
912 3 
913 0 
914 1 
915 2 
916 1 
917 3 
918 2 
919 3 
920 2 
921 5 
922 0 
923 2 
924 4 
925 3 
926 1 
927 2 
928 2 
929 3 
930 0 
931 1 
932 2 
933 2 
934 2 
935 4 
936 2 
937 1 
938 2 
939 2 
940 0 
941 2 
942 1 
943 3 
944 3 
945 2 
946 1 
947 2 
948 2 
949 3 
950 3 
951 1 
952 5 
953 3 
954 4 
955 3 
956 5 
957 1 
958 1 
959 0 
960 2 
961 0 
962 2 
963 1 
964 3 
965 3 
966 1 
967 1 
968 1 
969 0 
970 1 
971 1 
972 0 
973 1 
974 1 
975 1 
976 0 
977 0 
978 1 
979 1 
980 2 
981 0 
982 2 
983 1 
984 0 
985 3 
986 0 
987 0 
988 2 
989 0 
990 0 
991 0 
992 0 
993 0 
994 1 
995 1 
996 0 
997 0 
998 2 
999 5 
1000 4 
1001 3 
1002 4 
1003 1 
1004 1 
1005 0 
1006 3 
1007 0 
1008 1 
1009 2 
1010 0 
1011 0 
1012 2 
1013 1 
1014 0 
1015 2 
1016 2 
1017 1 
1018 1 
1019 4 
1020 2 
1021 3 
1022 3 
