1 0 
2 0 
3 0 
4 0 
5 0 
6 0 
7 0 
8 0 
9 0 
10 0 
11 0 
12 0 
13 0 
14 0 
15 0 
16 0 
17 0 
18 0 
19 0 
20 0 
21 0 
22 0 
23 0 
24 0 
25 0 
26 0 
27 0 
28 0 
29 0 
30 0 
31 0 
32 0 
33 0 
34 0 
35 0 
36 0 
37 0 
38 0 
39 0 
40 0 
41 0 
42 0 
43 0 
44 0 
45 0 
46 0 
47 0 
48 0 
49 0 
50 0 
51 0 
52 0 
53 0 
54 0 
55 0 
56 0 
57 0 
58 0 
59 0 
60 0 
61 0 
62 0 
63 0 
64 0 
65 0 
66 0 
67 0 
68 0 
69 0 
70 0 
71 0 
72 0 
73 0 
74 0 
75 0 
76 0 
77 0 
78 0 
79 0 
80 0 
81 0 
82 0 
83 0 
84 0 
85 0 
86 0 
87 0 
88 1 
89 4 
90 88 
91 415 
92 464 
93 389 
94 417 
95 377 
96 413 
97 427 
98 409 
99 390 
100 412 
101 384 
102 388 
103 400 
104 386 
105 417 
106 385 
107 365 
108 380 
109 426 
110 401 
111 404 
112 397 
113 395 
114 390 
115 421 
116 407 
117 398 
118 404 
119 399 
120 399 
121 402 
122 417 
123 365 
124 405 
125 381 
126 379 
127 381 
128 405 
129 390 
130 340 
131 380 
132 379 
133 368 
134 379 
135 372 
136 364 
137 387 
138 374 
139 429 
140 374 
141 372 
142 405 
143 370 
144 393 
145 387 
146 393 
147 362 
148 400 
149 350 
150 410 
151 386 
152 392 
153 344 
154 385 
155 392 
156 362 
157 381 
158 391 
159 389 
160 378 
161 366 
162 369 
163 390 
164 360 
165 391 
166 369 
167 384 
168 392 
169 374 
170 394 
171 378 
172 378 
173 354 
174 362 
175 373 
176 346 
177 380 
178 361 
179 342 
180 345 
181 368 
182 357 
183 370 
184 346 
185 359 
186 352 
187 335 
188 333 
189 381 
190 405 
191 371 
192 331 
193 346 
194 376 
195 330 
196 373 
197 344 
198 348 
199 404 
200 361 
201 344 
202 352 
203 330 
204 334 
205 348 
206 322 
207 330 
208 330 
209 361 
210 321 
211 363 
212 325 
213 325 
214 330 
215 334 
216 325 
217 345 
218 350 
219 317 
220 307 
221 381 
222 338 
223 326 
224 386 
225 341 
226 326 
227 309 
228 326 
229 312 
230 325 
231 352 
232 329 
233 361 
234 318 
235 358 
236 358 
237 336 
238 321 
239 328 
240 336 
241 326 
242 352 
243 362 
244 320 
245 324 
246 327 
247 332 
248 314 
249 348 
250 313 
251 323 
252 335 
253 311 
254 331 
255 329 
256 332 
257 338 
258 319 
259 351 
260 330 
261 314 
262 321 
263 336 
264 315 
265 305 
266 332 
267 334 
268 321 
269 292 
270 313 
271 320 
272 281 
273 321 
274 290 
275 286 
276 282 
277 295 
278 304 
279 306 
280 302 
281 334 
282 317 
283 298 
284 300 
285 282 
286 338 
287 304 
288 303 
289 303 
290 316 
291 289 
292 299 
293 314 
294 302 
295 289 
296 308 
297 315 
298 307 
299 333 
300 299 
301 333 
302 300 
303 306 
304 311 
305 293 
306 287 
307 319 
308 281 
309 297 
310 294 
311 305 
312 302 
313 283 
314 269 
315 295 
316 296 
317 257 
318 269 
319 271 
320 277 
321 283 
322 282 
323 303 
324 276 
325 286 
326 290 
327 277 
328 275 
329 301 
330 265 
331 268 
332 293 
333 284 
334 286 
335 286 
336 280 
337 285 
338 273 
339 287 
340 297 
341 250 
342 266 
343 264 
344 279 
345 285 
346 254 
347 289 
348 293 
349 286 
350 283 
351 282 
352 270 
353 260 
354 275 
355 282 
356 272 
357 244 
358 255 
359 272 
360 255 
361 276 
362 281 
363 240 
364 258 
365 262 
366 241 
367 270 
368 258 
369 216 
370 286 
371 252 
372 277 
373 227 
374 262 
375 265 
376 263 
377 231 
378 220 
379 258 
380 258 
381 242 
382 209 
383 218 
384 240 
385 224 
386 256 
387 248 
388 245 
389 234 
390 232 
391 251 
392 281 
393 259 
394 263 
395 245 
396 247 
397 253 
398 231 
399 242 
400 197 
401 223 
402 245 
403 255 
404 244 
405 212 
406 230 
407 233 
408 221 
409 225 
410 230 
411 258 
412 259 
413 209 
414 232 
415 233 
416 227 
417 236 
418 209 
419 235 
420 198 
421 221 
422 242 
423 233 
424 201 
425 221 
426 207 
427 260 
428 240 
429 234 
430 229 
431 222 
432 187 
433 226 
434 218 
435 210 
436 217 
437 221 
438 224 
439 250 
440 196 
441 193 
442 210 
443 214 
444 205 
445 193 
446 224 
447 230 
448 231 
449 218 
450 191 
451 198 
452 199 
453 248 
454 206 
455 199 
456 184 
457 222 
458 215 
459 174 
460 198 
461 191 
462 224 
463 212 
464 209 
465 216 
466 207 
467 185 
468 206 
469 179 
470 235 
471 187 
472 186 
473 212 
474 213 
475 181 
476 181 
477 206 
478 153 
479 195 
480 205 
481 213 
482 214 
483 192 
484 176 
485 195 
486 205 
487 175 
488 172 
489 189 
490 180 
491 200 
492 191 
493 205 
494 210 
495 175 
496 178 
497 195 
498 172 
499 179 
500 183 
501 160 
502 189 
503 194 
504 164 
505 156 
506 158 
507 187 
508 197 
509 167 
510 175 
511 173 
512 158 
513 169 
514 165 
515 179 
516 167 
517 164 
518 147 
519 154 
520 165 
521 177 
522 192 
523 161 
524 162 
525 180 
526 171 
527 162 
528 158 
529 156 
530 160 
531 153 
532 172 
533 165 
534 136 
535 155 
536 165 
537 141 
538 159 
539 175 
540 162 
541 164 
542 162 
543 151 
544 161 
545 150 
546 148 
547 142 
548 148 
549 153 
550 144 
551 146 
552 130 
553 142 
554 121 
555 144 
556 145 
557 143 
558 137 
559 136 
560 139 
561 164 
562 148 
563 131 
564 161 
565 159 
566 139 
567 145 
568 135 
569 131 
570 127 
571 125 
572 145 
573 136 
574 143 
575 142 
576 155 
577 139 
578 132 
579 120 
580 148 
581 133 
582 139 
583 143 
584 143 
585 131 
586 149 
587 138 
588 127 
589 130 
590 120 
591 121 
592 119 
593 127 
594 97 
595 109 
596 136 
597 115 
598 121 
599 120 
600 128 
601 131 
602 122 
603 127 
604 103 
605 137 
606 161 
607 115 
608 107 
609 123 
610 93 
611 113 
612 123 
613 100 
614 103 
615 126 
616 118 
617 108 
618 115 
619 119 
620 99 
621 117 
622 116 
623 133 
624 136 
625 95 
626 113 
627 110 
628 125 
629 137 
630 138 
631 144 
632 133 
633 147 
634 139 
635 128 
636 138 
637 148 
638 137 
639 135 
640 127 
641 119 
642 119 
643 138 
644 122 
645 117 
646 121 
647 124 
648 120 
649 137 
650 133 
651 121 
652 111 
653 144 
654 103 
655 99 
656 133 
657 126 
658 104 
659 87 
660 112 
661 106 
662 123 
663 102 
664 102 
665 108 
666 124 
667 98 
668 83 
669 82 
670 116 
671 99 
672 106 
673 98 
674 96 
675 94 
676 99 
677 106 
678 89 
679 83 
680 101 
681 89 
682 89 
683 72 
684 94 
685 87 
686 104 
687 90 
688 103 
689 91 
690 110 
691 116 
692 123 
693 134 
694 149 
695 169 
696 208 
697 234 
698 295 
699 313 
700 334 
701 329 
702 374 
703 370 
704 334 
705 337 
706 296 
707 257 
708 227 
709 221 
710 210 
711 170 
712 140 
713 116 
714 106 
715 115 
716 94 
717 72 
718 73 
719 72 
720 70 
721 54 
722 58 
723 59 
724 46 
725 58 
726 63 
727 55 
728 63 
729 48 
730 53 
731 44 
732 46 
733 69 
734 48 
735 47 
736 41 
737 57 
738 58 
739 60 
740 43 
741 54 
742 60 
743 47 
744 63 
745 52 
746 53 
747 52 
748 50 
749 63 
750 51 
751 49 
752 41 
753 49 
754 45 
755 51 
756 44 
757 57 
758 40 
759 54 
760 42 
761 47 
762 43 
763 47 
764 39 
765 47 
766 53 
767 38 
768 52 
769 49 
770 58 
771 57 
772 61 
773 84 
774 79 
775 101 
776 139 
777 137 
778 162 
779 159 
780 269 
781 294 
782 438 
783 514 
784 660 
785 822 
786 1150 
787 1308 
788 1748 
789 2142 
790 2496 
791 2951 
792 3537 
793 3818 
794 4432 
795 4801 
796 5013 
797 5298 
798 5617 
799 5838 
800 5871 
801 6223 
802 6324 
803 6384 
804 6572 
805 6368 
806 6351 
807 6188 
808 5892 
809 5320 
810 4405 
811 3546 
812 2606 
813 1752 
814 1099 
815 599 
816 355 
817 187 
818 95 
819 80 
820 57 
821 39 
822 37 
823 23 
824 25 
825 17 
826 12 
827 13 
828 11 
829 13 
830 9 
831 11 
832 10 
833 10 
834 10 
835 7 
836 11 
837 8 
838 8 
839 7 
840 8 
841 3 
842 4 
843 6 
844 4 
845 6 
846 3 
847 6 
848 3 
849 7 
850 8 
851 5 
852 6 
853 5 
854 6 
855 9 
856 6 
857 4 
858 0 
859 4 
860 7 
861 4 
862 7 
863 3 
864 6 
865 5 
866 4 
867 3 
868 4 
869 8 
870 3 
871 3 
872 5 
873 1 
874 7 
875 1 
876 1 
877 3 
878 7 
879 3 
880 3 
881 3 
882 1 
883 8 
884 3 
885 2 
886 1 
887 2 
888 5 
889 6 
890 5 
891 4 
892 6 
893 1 
894 6 
895 2 
896 4 
897 4 
898 4 
899 2 
900 5 
901 1 
902 5 
903 0 
904 4 
905 2 
906 0 
907 9 
908 3 
909 4 
910 6 
911 5 
912 2 
913 3 
914 3 
915 4 
916 2 
917 3 
918 2 
919 5 
920 4 
921 10 
922 0 
923 3 
924 5 
925 2 
926 0 
927 1 
928 5 
929 5 
930 3 
931 3 
932 3 
933 3 
934 5 
935 1 
936 2 
937 3 
938 2 
939 0 
940 6 
941 5 
942 1 
943 1 
944 0 
945 4 
946 1 
947 3 
948 0 
949 4 
950 0 
951 4 
952 3 
953 0 
954 1 
955 0 
956 4 
957 0 
958 3 
959 2 
960 4 
961 5 
962 3 
963 1 
964 1 
965 6 
966 5 
967 3 
968 0 
969 5 
970 2 
971 4 
972 1 
973 2 
974 1 
975 4 
976 2 
977 4 
978 1 
979 1 
980 1 
981 3 
982 2 
983 5 
984 1 
985 0 
986 3 
987 2 
988 2 
989 1 
990 1 
991 2 
992 1 
993 2 
994 2 
995 2 
996 2 
997 1 
998 1 
999 3 
1000 1 
1001 4 
1002 0 
1003 1 
1004 1 
1005 1 
1006 3 
1007 3 
1008 4 
1009 2 
1010 2 
1011 2 
1012 0 
1013 2 
1014 3 
1015 0 
1016 2 
1017 5 
1018 4 
1019 3 
1020 1 
1021 2 
1022 4 
