1 0 
2 0 
3 0 
4 0 
5 0 
6 0 
7 0 
8 0 
9 0 
10 0 
11 0 
12 0 
13 0 
14 0 
15 0 
16 0 
17 0 
18 0 
19 0 
20 0 
21 0 
22 0 
23 0 
24 0 
25 0 
26 0 
27 0 
28 0 
29 0 
30 0 
31 0 
32 0 
33 0 
34 0 
35 0 
36 0 
37 0 
38 0 
39 0 
40 0 
41 0 
42 0 
43 0 
44 0 
45 0 
46 0 
47 0 
48 0 
49 0 
50 0 
51 0 
52 0 
53 0 
54 0 
55 0 
56 0 
57 0 
58 0 
59 0 
60 0 
61 0 
62 0 
63 0 
64 0 
65 0 
66 0 
67 0 
68 0 
69 0 
70 0 
71 0 
72 0 
73 0 
74 0 
75 0 
76 0 
77 0 
78 0 
79 0 
80 0 
81 0 
82 0 
83 0 
84 0 
85 0 
86 0 
87 0 
88 2 
89 2 
90 80 
91 339 
92 305 
93 318 
94 316 
95 290 
96 325 
97 324 
98 291 
99 267 
100 312 
101 302 
102 296 
103 324 
104 308 
105 300 
106 290 
107 291 
108 276 
109 278 
110 324 
111 300 
112 304 
113 321 
114 278 
115 289 
116 302 
117 305 
118 306 
119 291 
120 273 
121 270 
122 270 
123 291 
124 298 
125 309 
126 285 
127 297 
128 292 
129 276 
130 278 
131 253 
132 276 
133 302 
134 278 
135 282 
136 258 
137 260 
138 264 
139 285 
140 264 
141 260 
142 281 
143 271 
144 276 
145 268 
146 259 
147 258 
148 259 
149 286 
150 264 
151 234 
152 268 
153 261 
154 278 
155 261 
156 258 
157 265 
158 271 
159 275 
160 239 
161 271 
162 253 
163 266 
164 243 
165 232 
166 288 
167 262 
168 260 
169 270 
170 255 
171 239 
172 220 
173 256 
174 241 
175 238 
176 243 
177 241 
178 248 
179 266 
180 240 
181 263 
182 245 
183 237 
184 260 
185 240 
186 230 
187 251 
188 257 
189 268 
190 250 
191 255 
192 260 
193 276 
194 230 
195 253 
196 215 
197 244 
198 240 
199 268 
200 220 
201 220 
202 194 
203 213 
204 242 
205 214 
206 232 
207 215 
208 228 
209 234 
210 223 
211 209 
212 193 
213 203 
214 245 
215 244 
216 225 
217 207 
218 209 
219 211 
220 247 
221 207 
222 217 
223 218 
224 181 
225 213 
226 213 
227 205 
228 191 
229 189 
230 220 
231 205 
232 230 
233 193 
234 231 
235 224 
236 176 
237 193 
238 199 
239 207 
240 213 
241 187 
242 239 
243 205 
244 234 
245 197 
246 243 
247 208 
248 201 
249 201 
250 213 
251 198 
252 205 
253 196 
254 223 
255 179 
256 212 
257 202 
258 219 
259 209 
260 191 
261 215 
262 187 
263 181 
264 182 
265 211 
266 211 
267 169 
268 213 
269 191 
270 188 
271 200 
272 184 
273 193 
274 193 
275 190 
276 215 
277 192 
278 202 
279 172 
280 184 
281 188 
282 193 
283 206 
284 176 
285 189 
286 184 
287 171 
288 193 
289 168 
290 172 
291 174 
292 188 
293 155 
294 181 
295 162 
296 203 
297 200 
298 178 
299 163 
300 152 
301 147 
302 179 
303 162 
304 197 
305 176 
306 177 
307 167 
308 153 
309 175 
310 165 
311 180 
312 174 
313 152 
314 166 
315 157 
316 179 
317 173 
318 188 
319 135 
320 163 
321 165 
322 137 
323 157 
324 162 
325 178 
326 171 
327 163 
328 170 
329 146 
330 151 
331 164 
332 160 
333 151 
334 149 
335 146 
336 148 
337 158 
338 155 
339 177 
340 175 
341 159 
342 148 
343 161 
344 137 
345 135 
346 151 
347 137 
348 166 
349 137 
350 135 
351 138 
352 150 
353 135 
354 141 
355 148 
356 159 
357 128 
358 150 
359 138 
360 144 
361 147 
362 140 
363 120 
364 129 
365 145 
366 131 
367 133 
368 131 
369 133 
370 127 
371 130 
372 152 
373 127 
374 149 
375 133 
376 159 
377 121 
378 151 
379 146 
380 118 
381 141 
382 115 
383 131 
384 126 
385 127 
386 143 
387 119 
388 137 
389 116 
390 118 
391 119 
392 131 
393 142 
394 123 
395 126 
396 120 
397 109 
398 137 
399 126 
400 119 
401 105 
402 143 
403 97 
404 137 
405 114 
406 129 
407 104 
408 133 
409 149 
410 111 
411 117 
412 118 
413 127 
414 129 
415 123 
416 118 
417 116 
418 102 
419 96 
420 109 
421 104 
422 111 
423 108 
424 122 
425 112 
426 103 
427 114 
428 106 
429 132 
430 103 
431 120 
432 100 
433 107 
434 83 
435 114 
436 126 
437 79 
438 107 
439 99 
440 111 
441 110 
442 93 
443 107 
444 97 
445 111 
446 103 
447 105 
448 114 
449 99 
450 106 
451 114 
452 97 
453 96 
454 119 
455 85 
456 99 
457 118 
458 95 
459 74 
460 106 
461 96 
462 96 
463 103 
464 85 
465 92 
466 90 
467 92 
468 98 
469 95 
470 105 
471 85 
472 75 
473 94 
474 101 
475 70 
476 85 
477 82 
478 90 
479 84 
480 82 
481 95 
482 89 
483 80 
484 100 
485 92 
486 102 
487 111 
488 70 
489 80 
490 85 
491 95 
492 94 
493 83 
494 79 
495 90 
496 104 
497 80 
498 90 
499 78 
500 86 
501 90 
502 92 
503 71 
504 91 
505 72 
506 86 
507 78 
508 81 
509 90 
510 81 
511 70 
512 79 
513 67 
514 74 
515 80 
516 62 
517 59 
518 80 
519 62 
520 76 
521 69 
522 67 
523 71 
524 70 
525 73 
526 80 
527 63 
528 77 
529 66 
530 74 
531 69 
532 72 
533 51 
534 62 
535 69 
536 67 
537 80 
538 65 
539 60 
540 43 
541 48 
542 66 
543 57 
544 63 
545 49 
546 72 
547 63 
548 67 
549 72 
550 60 
551 69 
552 58 
553 63 
554 71 
555 55 
556 74 
557 63 
558 46 
559 62 
560 64 
561 53 
562 71 
563 62 
564 58 
565 79 
566 59 
567 42 
568 51 
569 53 
570 49 
571 45 
572 49 
573 63 
574 67 
575 54 
576 53 
577 61 
578 57 
579 64 
580 74 
581 64 
582 49 
583 80 
584 55 
585 63 
586 39 
587 66 
588 66 
589 66 
590 64 
591 62 
592 69 
593 55 
594 66 
595 55 
596 54 
597 78 
598 59 
599 52 
600 53 
601 58 
602 46 
603 57 
604 62 
605 48 
606 60 
607 49 
608 42 
609 52 
610 58 
611 53 
612 57 
613 46 
614 51 
615 44 
616 43 
617 30 
618 49 
619 51 
620 50 
621 52 
622 48 
623 47 
624 64 
625 43 
626 51 
627 58 
628 50 
629 50 
630 63 
631 45 
632 52 
633 68 
634 62 
635 65 
636 89 
637 77 
638 84 
639 97 
640 84 
641 77 
642 87 
643 79 
644 59 
645 65 
646 66 
647 55 
648 47 
649 48 
650 55 
651 60 
652 74 
653 65 
654 60 
655 56 
656 45 
657 50 
658 47 
659 44 
660 40 
661 54 
662 32 
663 45 
664 48 
665 44 
666 48 
667 39 
668 44 
669 43 
670 47 
671 33 
672 40 
673 28 
674 37 
675 43 
676 40 
677 48 
678 49 
679 42 
680 48 
681 44 
682 45 
683 54 
684 45 
685 33 
686 37 
687 46 
688 59 
689 42 
690 39 
691 38 
692 34 
693 35 
694 37 
695 42 
696 43 
697 59 
698 58 
699 61 
700 84 
701 100 
702 101 
703 129 
704 160 
705 185 
706 207 
707 225 
708 243 
709 252 
710 226 
711 217 
712 215 
713 188 
714 149 
715 144 
716 105 
717 85 
718 68 
719 68 
720 64 
721 57 
722 48 
723 47 
724 47 
725 34 
726 37 
727 58 
728 54 
729 26 
730 41 
731 45 
732 41 
733 50 
734 28 
735 46 
736 38 
737 48 
738 49 
739 40 
740 40 
741 36 
742 49 
743 32 
744 36 
745 40 
746 39 
747 37 
748 36 
749 36 
750 44 
751 32 
752 44 
753 42 
754 34 
755 33 
756 32 
757 25 
758 34 
759 26 
760 27 
761 28 
762 33 
763 37 
764 26 
765 43 
766 42 
767 31 
768 38 
769 35 
770 43 
771 33 
772 52 
773 53 
774 53 
775 51 
776 63 
777 66 
778 62 
779 85 
780 79 
781 96 
782 109 
783 128 
784 131 
785 140 
786 167 
787 209 
788 274 
789 358 
790 427 
791 630 
792 846 
793 1063 
794 1395 
795 1934 
796 2359 
797 3026 
798 3630 
799 4198 
800 4762 
801 5272 
802 5900 
803 6148 
804 6557 
805 6336 
806 6650 
807 6675 
808 6460 
809 5861 
810 5309 
811 4161 
812 3104 
813 2098 
814 1321 
815 749 
816 468 
817 229 
818 149 
819 84 
820 41 
821 43 
822 34 
823 26 
824 24 
825 18 
826 14 
827 10 
828 14 
829 11 
830 6 
831 10 
832 7 
833 8 
834 6 
835 5 
836 6 
837 2 
838 5 
839 3 
840 9 
841 6 
842 6 
843 6 
844 4 
845 7 
846 0 
847 4 
848 3 
849 6 
850 2 
851 1 
852 4 
853 4 
854 3 
855 0 
856 3 
857 1 
858 2 
859 6 
860 4 
861 3 
862 2 
863 1 
864 4 
865 4 
866 2 
867 5 
868 5 
869 4 
870 1 
871 2 
872 4 
873 1 
874 2 
875 0 
876 2 
877 5 
878 1 
879 3 
880 2 
881 3 
882 2 
883 3 
884 2 
885 4 
886 4 
887 2 
888 1 
889 3 
890 2 
891 2 
892 3 
893 4 
894 0 
895 2 
896 4 
897 4 
898 0 
899 1 
900 2 
901 1 
902 4 
903 2 
904 2 
905 2 
906 0 
907 2 
908 0 
909 2 
910 1 
911 6 
912 5 
913 1 
914 1 
915 0 
916 4 
917 1 
918 1 
919 2 
920 4 
921 0 
922 1 
923 2 
924 3 
925 0 
926 1 
927 4 
928 1 
929 1 
930 0 
931 2 
932 3 
933 2 
934 1 
935 2 
936 1 
937 1 
938 1 
939 1 
940 2 
941 1 
942 1 
943 1 
944 1 
945 4 
946 1 
947 3 
948 2 
949 2 
950 1 
951 2 
952 4 
953 1 
954 1 
955 4 
956 1 
957 0 
958 0 
959 1 
960 1 
961 1 
962 3 
963 1 
964 3 
965 1 
966 2 
967 0 
968 2 
969 2 
970 1 
971 1 
972 1 
973 3 
974 1 
975 3 
976 1 
977 0 
978 1 
979 2 
980 2 
981 4 
982 0 
983 0 
984 1 
985 3 
986 0 
987 2 
988 0 
989 1 
990 2 
991 0 
992 0 
993 0 
994 1 
995 3 
996 1 
997 1 
998 0 
999 2 
1000 1 
1001 1 
1002 2 
1003 1 
1004 2 
1005 0 
1006 3 
1007 0 
1008 0 
1009 3 
1010 2 
1011 1 
1012 2 
1013 2 
1014 0 
1015 0 
1016 1 
1017 1 
1018 0 
1019 0 
1020 3 
1021 1 
1022 2 
