    128     130       0       0       0       0       0       0
      0       0       0       0       0       0       0       0
      0       0       0       0       0       0       0       0
      0       0       0       0       0       0       0       0
      0       0       0       0       0       0       0       0
      0       0       0       0       0       0       0       0
      0       0       0       0       0       0       0       0
      0       0       0       0       0       0       0       0
      0       0       0       0       0       0       0       0
      0       0       0       0       0       0       0       0
      0       0       0       0       0       0       0       0
      0       0       0       0       0       0       0       0
      0       0       0       0       0       0       0       0
      0       0       0       0       0       0       0       0
      0       0       0       0       0       0       0       0
      1       0       1      40     265     248     239     235
    231     254     200     255     252     222     229     225
    254     231     214     238     240     218     246     247
    231     214     268     261     210     220     229     238
    234     252     259     254     222     245     244     252
    246     212     195     237     202     230     243     251
    213     241     258     229     235     217     239     207
    234     213     221     229     234     241     252     225
    264     226     236     235     207     233     210     225
    231     241     209     235     202     211     250     239
    245     234     212     226     199     226     190     197
    215     215     205     200     203     236     215     220
    226     227     216     185     203     233     221     213
    193     195     210     240     208     208     207     176
    213     214     209     215     215     215     206     195
    235     238     205     226     178     201     217     168
    221     198     222     230     183     225     224     199
    193     192     204     196     218     207     195     227
    234     190     182     215     179     197     213     189
    210     192     215     202     212     222     201     219
    222     211     199     218     228     215     198     217
    193     202     198     209     201     194     183     197
    197     184     183     220     219     205     192     206
    192     191     183     203     188     238     177     211
    197     167     194     199     179     203     163     182
    194     185     205     203     186     192     194     176
    192     217     210     174     184     180     177     167
    161     207     192     197     184     206     182     190
    179     182     199     186     179     176     176     201
    168     180     194     174     184     176     185     177
    183     194     176     171     195     170     173     198
    187     201     169     174     161     175     196     190
    173     171     143     163     157     187     188     184
    190     165     181     146     182     166     169     171
    160     145     168     168     159     145     156     143
    184     166     187     155     177     178     150     150
    186     182     167     173     172     175     188     173
    159     161     161     158     151     152     144     149
    172     157     158     160     157     157     156     166
    157     145     157     134     164     151     148     167
    170     160     162     160     157     142     154     133
    176     163     153     154     160     157     156     157
    148     178     154     140     181     153     154     138
    169     192     152     146     158     152     159     176
    163     153     174     131     146     180     157     158
    156     154     146     128     151     154     151     126
    145     157     133     143     147     153     160     136
    173     154     131     135     141     124     127     137
    167     152     133     130     143     144     151     167
    135     154     134     169     150     142     147     143
    130     125     143     131     136     139     147     117
    143     129     137     150     150     144     139     125
    114     126     129     134     116     130     113     144
    134     141     129     144     121     146     128     140
    154     113     140     135     157     139     129     124
    126     132     109     119     132     130     133     111
    111     111     120     125     119     140     129     135
    126     115     126     111     124     114     120     126
    127     121     118     128     135     113     106     123
    114     122     106     102      96     123     106     105
     97     103     118     132      96     101     121     110
     98     108     113      89     105     121     121     115
    103      98     106     104      95     104     106     116
     99      83     106      94     119      88      98      93
    114     109     106     110      92     102     107      96
    113     105      99     103     116     106      90     103
     94      96      93      87      94      90     115     100
     98      95     114      95      94     109      93     103
     97      93      93     114      98      99      91      80
    103     102     104     102      97      86      77      97
    105     102      84     108      94     106      99     108
    107      97      98     104      98     118     132     125
    111     127     115     126     114     126     143     151
    118     137     130     133     116     117     116     123
    134     113     141     118     114     112     110     101
    105     107      91     109      93     104      99     111
     92      84      95      82      93     105      96      98
     83      84      85      90      95      93      97      88
     87      98     102     100      87     107     103      98
    120     118     137     128     122     116     116     137
    128     145     123     125     141     133     118     152
    126     145     149     159     165     147     151     123
    153     155     118     139     111      85     106      82
     66      74      68      53      53      36      42      48
     29      42      39      47      39      39      36      38
     45      44      41      32      52      31      44      49
     36      40      37      23      32      37      33      40
     33      33      37      24      37      34      38      26
     29      27      26      37      25      21      31      31
     30      36      40      31      31      36      32      47
     33      33      56      64      77      79      75      95
    117     147     143     196     262     302     407     544
    684     875    1088    1304    1587    1879    2169    2491
   2854    3057    3264    3497    3701    3861    3829    3839
   3885    3758    3684    3265    2750    2267    1795    1312
    990     748     544     392     339     254     203     167
    114     104      87      58      47      40      32      29
     24      23      22      13      11      12      12      12
     10       6       9      12       6       7       2       7
      4       3       2       6       4       7       4       4
      6       5       2       5       3       3       2       2
      2       0       3       1       1       3       3       4
      3       0       3       4       3       0       2       3
      2       1       2       1       6       1       1       2
      1       0       2       1       2       1       2       1
      1       1       2       1       1       0       2       4
      2       2       1       2       2       1       1       2
      2       0       0       2       1       2       3       1
      2       2       1       4       2       0       2       0
      1       1       1       1       1       0       2       0
      0       1       0       0       1       1       1       1
      1       0       2       3       0       1       2       2
      2       2       1       2       0       0       1       0
$Angles (tilt,azimute): 0 0
$Date & Time          :24-04-2023         16:28:21
$RBS2run26.dat
$B(16:26:07) = -2.282210 kG
$B(16:25:50) = -2.282180 kG
