    130     133       0       0       0       0       0       0
      0       0       0       0       0       0       0       0
      0       0       0       0       0       0       0       0
      0       0       0       0       0       0       0       0
      0       0       0       0       0       0       0       0
      0       0       0       0       0       0       0       0
      0       0       0       0       0       0       0       0
      0       0       0       0       0       0       0       0
      0       0       0       0       0       0       0       0
      0       0       0       0       0       0       0       0
      0       0       0       0       0       0       0       0
      0       0       0       0       0       0       0       0
      0       0       0       0       0       0       0       0
      0       0       0       0       0       0       0       0
      0       0       0       0       0       0       0       0
      0       0       0      46     259     302     292     272
    266     259     264     270     269     265     241     302
    258     269     275     276     272     261     316     273
    280     282     274     240     255     256     251     250
    275     266     257     253     259     271     252     276
    281     269     281     224     230     263     269     259
    266     275     250     261     235     260     263     288
    282     222     252     266     248     258     252     252
    245     255     254     240     252     238     254     261
    254     245     258     227     241     275     246     227
    229     275     257     250     210     289     238     255
    258     239     262     257     248     246     263     236
    215     234     252     249     236     258     277     239
    238     259     232     261     254     242     248     250
    237     251     239     222     285     236     212     249
    230     246     223     251     237     235     246     252
    229     237     243     242     222     214     251     229
    238     225     251     241     240     225     235     223
    251     246     272     225     245     211     212     251
    206     230     210     216     223     215     228     239
    213     225     206     226     219     228     236     230
    234     212     231     223     244     220     215     221
    235     210     241     207     226     257     227     227
    229     214     230     231     214     202     198     212
    204     227     214     234     244     233     210     192
    208     203     227     222     224     210     221     206
    192     243     213     212     227     231     215     209
    213     206     224     197     212     191     192     228
    212     202     199     199     187     203     170     194
    240     209     206     203     175     213     221     184
    179     203     198     222     205     209     188     192
    249     228     211     193     228     207     198     218
    186     212     231     203     200     230     198     180
    206     209     227     200     198     212     176     194
    193     185     193     220     198     201     172     184
    173     197     199     182     198     204     193     170
    214     207     162     187     175     188     192     174
    187     187     174     187     195     187     171     191
    180     187     183     203     178     186     179     200
    196     170     177     185     196     166     188     195
    184     194     185     172     161     176     223     185
    191     178     143     172     207     184     187     202
    194     190     174     177     181     208     197     178
    208     181     179     186     194     177     192     184
    181     176     198     157     190     169     187     173
    196     174     179     189     200     188     178     196
    172     166     187     176     186     169     151     162
    172     168     183     198     179     150     157     199
    189     192     168     175     178     177     189     171
    162     173     142     155     147     152     186     157
    164     171     180     142     163     166     180     183
    172     166     190     168     167     168     166     166
    165     172     176     161     171     145     172     146
    164     159     143     174     159     147     160     150
    135     160     135     141     136     178     152     171
    173     161     149     187     146     187     144     159
    159     169     161     142     149     152     161     167
    128     139     142     151     158     155     144     151
    150     142     162     162     178     151     162     160
    148     138     170     144     145     140     139     151
    137     151     134     136     151     138     126     152
    150     155     121     129     140     142     127     124
    144     137     151     138     137     135     140     121
    142     144     154     136     129     135     161     135
    142     128     141     154     138     149     153     125
    135     139     148     135     142     128     130     120
    126     128     131     126     148     141     127     141
    145     103     128     124     134     144     116     118
    134     136     132     128     120     121     118     126
    126     138     121     125     114     109     109     150
    137     128     133     129     121     140     148     128
    142     150     159     157     147     155     160     166
    155     165     159     157     157     163     157     152
    179     150     173     171     178     140     143     148
    145     167     147     143     132     135     151     162
    162     139     156     170     150     129     131     126
    135     151     120     128     146     128     114     122
    141     141     126     117     114     132     115     124
    154     148     119     125     117     151     126     159
    162     149     187     194     198     213     195     183
    227     226     232     210     230     219     206     200
    193     176     172     166     137     140     131     131
     99     119      95      85     109      81      75      67
     76      70      73      70      53      54      56      56
     47      54      66      62      60      55      59      58
     63      57      51      52      50      43      55      50
     44      54      45      44      51      48      51      58
     44      48      47      40      51      64      51      63
     71      55      80      80      77     110      91     120
    107     131     167     190     182     252     252     305
    380     463     526     646     773     833     991    1200
   1366    1488    1753    1957    2119    2422    2491    2751
   2860    3124    3269    3489    3660    3693    4009    3878
   4110    4229    4207    4251    4264    4303    4213    4226
   4009    3667    3337    2886    2442    1984    1506    1175
    954     769     598     491     411     329     215     210
    129     107     102      80      73      49      47      38
     42      25      19      25      16      11      13      23
     11      12      11      11       8       8      13      13
      4       7       9       4       6       6       7       2
      5       4       2       4       2       5       7       5
      3       6       3       4       5       2       3       2
      3       3       4       2       7       1       2       3
      2       3       3       2       4       3       2       2
      2       2       5       3       3       2       5       5
      1       2       0       2       1       1       3       2
      1       0       2       3       1       2       3       3
      4       3       3       4       1       2       2       3
      3       1       4       4       1       1       3       6
      1       2       3       2       2       2       1       3
      2       1       1       1       4       0       2       1
      1       1       2       2       2       2       2       1
      3       3       1       1       2       3       2       0
$Angles (tilt,azimute): 0 0
$Date & Time          :24-04-2023         16:14:57
$RBS2run21.dat
$B(16:12:39) = -2.282290 kG
$B(16:12:34) = -2.282350 kG
