    132     135       0       0       0       0       0       0
      0       0       0       0       0       0       0       0
      0       0       0       0       0       0       0       0
      0       0       0       0       0       0       0       0
      0       0       0       0       0       0       0       0
      0       0       0       0       0       0       0       0
      0       0       0       0       0       0       0       0
      0       0       0       0       0       0       0       0
      0       0       0       0       0       0       0       0
      0       0       0       0       0       0       0       0
      0       0       0       0       0       0       0       0
      0       0       0       0       0       0       0       0
      0       0       0       0       0       0       0       0
      0       0       0       0       0       0       0       0
      0       0       0       0       0       0       0       0
      0       0       0      29     295     287     276     277
    294     303     310     297     287     269     320     288
    300     277     303     289     279     315     267     268
    279     276     278     278     263     259     297     264
    299     291     255     257     282     261     281     267
    304     276     286     270     246     280     256     253
    253     262     253     249     292     267     272     255
    270     273     292     289     261     249     261     287
    268     273     262     285     291     305     284     256
    282     254     265     301     275     245     269     278
    305     248     289     266     256     256     272     262
    272     292     261     257     273     292     265     259
    259     273     264     239     257     269     246     293
    246     293     247     260     273     271     235     242
    276     256     262     237     259     253     255     232
    229     267     254     240     235     257     235     236
    257     288     266     241     257     254     239     263
    230     256     267     275     243     239     251     247
    270     248     243     246     235     271     255     229
    246     245     255     234     227     255     262     249
    247     218     251     234     251     256     252     252
    273     229     212     252     249     258     249     236
    231     251     242     244     251     266     238     246
    259     229     261     221     227     227     234     243
    231     250     235     219     226     244     261     217
    255     239     246     263     235     248     231     213
    239     251     216     240     253     253     266     212
    236     229     242     225     240     204     208     229
    245     231     219     242     242     237     223     208
    204     240     216     220     236     232     220     231
    207     248     190     236     230     224     252     237
    223     202     196     217     234     215     206     233
    211     220     208     221     217     207     229     223
    252     223     187     245     212     228     194     207
    207     212     216     197     221     221     218     226
    229     218     224     202     203     234     202     202
    204     208     199     193     189     212     197     217
    207     196     217     179     210     194     221     189
    216     201     191     231     213     182     190     201
    205     201     170     189     222     206     179     193
    202     200     201     205     181     225     216     202
    222     201     220     227     191     191     179     187
    220     187     189     195     216     198     192     188
    185     198     193     221     182     215     199     198
    196     166     193     189     191     170     164     193
    193     199     225     184     193     178     192     188
    183     199     210     189     181     223     181     179
    199     165     168     187     187     177     177     154
    188     178     186     189     161     199     183     182
    172     159     182     183     156     150     189     145
    164     172     169     166     170     182     181     157
    178     171     184     160     178     162     153     183
    165     170     183     163     161     188     166     181
    143     159     166     162     150     175     168     140
    157     154     166     161     182     170     185     169
    179     165     143     162     173     155     158     158
    170     142     159     165     159     150     154     182
    182     148     148     157     143     166     172     171
    158     153     168     154     143     150     162     143
    135     146     127     148     139     141     146     143
    147     127     156     157     125     128     158     166
    137     139     156     176     148     154     147     136
    127     135     137     139     125     138     141     148
    134     125     132     146     132     148     138     132
    159     144     132     157     154     142     116     141
    144     137     135     128     119     124     145     110
    117     150     160     145     135     117     124     128
    131     117     139     130     117     126     131     140
    111     128     142     124     109      98     116     114
    127     121     109     117     117     105     141     117
    125     113     119     104     108     123     112     144
    151     143     121     148     133     155     144     161
    152     158     156     140     143     144     153     158
    141     145     148     133     147     111     142     154
    128     135     148     127     125     146     142     119
    140     120     146     135     131     152     148     125
    138     110     133     103     138     126     126     128
    106     132     117     102     117     117     111     128
    113     104     106     124     104     106     110     155
    138     156     133     137     154     174     164     168
    185     175     180     185     200     186     169     160
    188     167     146     153     135     133     103     101
    111      85      83      75      78      62      59      68
     63      54      68      73      55      50      42      35
     49      54      45      42      42      56      46      58
     48      37      39      60      66      61      41      47
     48      31      40      54      50      39      43      42
     45      52      44      39      41      56      45      49
     51      48      60      54      63      53      78      73
     68     100     115      87     111     139     183     178
    189     263     286     391     456     502     667     744
    878    1092    1244    1420    1704    1889    2005    2262
   2410    2649    2917    3150    3342    3358    3599    3678
   3903    3799    4031    4204    4262    4106    4109    4047
   3982    3679    3408    3018    2504    2024    1608    1211
    970     775     618     473     389     323     241     184
    176     109     102      86      51      42      38      41
     36      19      17      26      21      13       9      16
     12      10       9      15       7       6      10       6
      8       3       8       7       7       5       4       7
      8       5       3       7       3       5       4       4
      5       4       4       5       3       2       2       3
      1       3       6       0       2       1       4       3
      3       1       6       1       2       3       4       2
      1       3       1       3       1       4       3       4
      3       1       3       1       3       0       2       1
      5       2       1       2       1       1       5       2
      0       0       1       2       3       0       2       4
      2       2       2       1       1       3       0       1
      2       0       1       2       0       6       1       2
      1       3       3       0       1       0       2       2
      4       1       0       4       1       1       1       3
      3       3       1       3       0       1       3       4
$Angles (tilt,azimute): 0 0
$Date & Time          :24-04-2023         16:25:41
$RBS2run25.dat
$B(16:23:22) = -2.282090 kG
$B(16:23:16) = -2.282080 kG
