    131     135       0       0       0       0       0       0
      0       0       0       0       0       0       0       0
      0       0       0       0       0       0       0       0
      0       0       0       0       0       0       0       0
      0       0       0       0       0       0       0       0
      0       0       0       0       0       0       0       0
      0       0       0       0       0       0       0       0
      0       0       0       0       0       0       0       0
      0       0       0       0       0       0       0       0
      0       0       0       0       0       0       0       0
      0       0       0       0       0       0       0       0
      0       0       0       0       0       0       0       0
      0       0       0       0       0       0       0       0
      0       0       0       0       0       0       0       0
      0       0       0       0       0       0       0       0
      0       0       3      54     293     279     291     308
    291     294     257     300     288     276     247     281
    295     280     286     258     271     312     299     264
    267     258     290     247     264     274     261     277
    270     271     277     261     269     284     273     259
    268     256     267     262     295     245     274     253
    270     272     280     289     274     302     263     240
    256     271     262     262     280     260     253     286
    254     294     248     306     285     217     253     249
    242     279     239     250     239     239     252     298
    262     257     269     285     244     234     265     263
    243     259     285     228     273     245     268     225
    220     287     247     226     259     252     254     248
    248     247     234     224     281     259     255     263
    223     232     222     233     240     234     244     257
    248     242     244     238     248     254     246     245
    212     249     234     242     242     244     235     238
    250     239     256     243     222     232     239     244
    250     265     240     258     258     233     246     240
    233     240     244     259     203     263     246     209
    244     225     251     251     198     218     216     250
    273     250     249     233     242     204     225     221
    239     231     227     239     210     202     239     266
    218     262     222     226     205     267     239     228
    235     231     182     208     217     225     210     236
    216     253     216     213     215     237     215     213
    239     228     236     219     215     210     243     226
    197     219     225     210     250     239     220     203
    208     229     233     206     245     261     225     219
    245     212     209     197     228     229     183     208
    215     214     210     202     196     227     215     226
    221     204     219     218     215     200     216     227
    192     220     196     195     184     232     190     199
    190     191     218     192     215     193     187     187
    193     187     199     193     217     229     208     201
    205     194     219     211     189     208     196     188
    186     159     190     187     216     221     202     202
    207     210     191     206     199     188     198     192
    210     191     194     184     198     194     202     195
    186     222     211     185     188     219     200     194
    187     199     200     175     173     182     193     213
    184     205     198     209     221     161     212     191
    192     199     176     206     167     216     167     211
    208     208     188     202     190     209     197     165
    194     200     189     207     203     205     176     209
    195     185     200     200     189     164     208     202
    174     194     209     195     192     181     173     205
    222     185     189     213     187     189     187     190
    163     172     205     192     159     191     199     157
    168     166     155     172     175     191     157     191
    172     158     163     163     172     173     183     183
    170     164     180     167     182     184     189     163
    179     196     170     145     169     163     153     156
    149     181     169     174     163     180     153     144
    188     162     161     160     173     156     157     169
    160     151     186     150     151     143     162     157
    171     173     158     149     167     159     145     156
    168     147     190     159     171     154     155     190
    151     165     158     161     168     135     151     152
    184     129     140     125     146     166     171     168
    147     147     157     137     133     152     131     135
    173     159     123     142     142     130     161     172
    168     149     152     164     131     149     142     145
    149     142     147     143     146     168     148     153
    159     162     147     153     169     143     187     151
    142     140     153     148     142     144     124     118
    128     136     131     145     125     139     136     131
    121     148     146     115     140     141     132     136
    151     128     117     121     139     114     126     116
    130     126     115     109     113     107     134     131
    121     127     128     138     141     144     153     151
    139     146     145     150     175     160     184     169
    167     166     165     137     167     156     165     150
    157     168     163     139     160     174     134     136
    156     151     163     143     132     165     188     140
    153     153     164     137     141     150     142     117
    155     146     145     133     132     114     145     129
    137     148     104     115     132     126     142     123
    128     136     123     156     150     146     165     169
    153     170     177     195     196     191     230     231
    226     252     223     219     212     198     208     208
    210     160     154     171     156     130     115     126
     97     108      85      67      89      95      69      86
     80      56      59      64      65      59      59      65
     62      57      54      59      55      60      79      68
     54      53      63      72      56      52      48      52
     47      59      59      49      61      57      55      56
     45      66      59      61      65      75      64      68
     96      74      89      97     114     112     133     147
    154     204     209     264     303     309     335     418
    493     555     664     779     866    1055    1192    1347
   1533    1751    1914    2145    2385    2530    2754    2966
   3124    3383    3513    3679    3799    3873    4058    4093
   4160    4229    4275    4359    4336    4319    4477    4179
   4005    3758    3346    2893    2470    1963    1562    1187
    946     793     606     516     395     306     260     210
    158     149     112      91      69      58      49      46
     27      33      23      27      19      20      17      11
     14      12      10      13       8      12      11      12
     10       5       7       2       6       6       6       2
      6       5       6       6       7       5       3       5
      3       3       4       5       1       4       7       4
      5       5       5       3       4       9       3       1
      1       4       2       2       1       1       1       3
      1       0       1       0       2       1       4       4
      4       2       0       6       5       5       1       0
      3       1       1       2       4       1       2       3
      4       2       3       4       1       4       4       3
      2       6       1       4       0       4       4       1
      3       0       2       0       3       2       1       1
      5       1       6       4       4       1       1       5
      2       1       1       3       2       2       1       1
      4       0       1       0       4       0       1       0
$Angles (tilt,azimute): 0 0
$Date & Time          :24-04-2023         16:12:25
$RBS2run20.dat
$B(16:10:07) = -2.282390 kG
$B(16:10:03) = -2.282440 kG
