    188     191       0       0       0       0       0       0
      0       0       0       0       0       0       0       0
      0       0       0       0       0       0       0       0
      0       0       0       0       0       0       0       0
      0       0       0       0       0       0       0       0
      0       0       0       0       0       0       0       0
      0       0       0       0       0       0       0       0
      0       0       0       0       0       0       0       0
      0       0       0       0       0       0       0       0
      0       0       0       0       0       0       0       0
      0       0       0       0       0       0       0       0
      0       0       0       0       0       0       0       0
      0       0       0       0       0       0       0       0
      0       0       0       0       0       0       0       0
      0       0       0       0       0       0       0       0
      0       1       0      45     256     281     286     278
    287     274     286     275     294     269     263     285
    292     292     306     266     252     244     274     296
    294     267     263     323     281     284     263     266
    277     272     272     295     266     301     279     269
    299     256     255     281     279     275     294     263
    279     267     268     284     269     263     298     254
    301     280     282     270     233     244     237     254
    252     266     300     256     289     240     264     253
    264     248     253     295     250     227     270     240
    246     269     279     243     254     248     247     222
    252     242     240     236     256     253     221     267
    255     270     233     251     276     245     264     255
    263     228     287     284     238     253     283     258
    247     228     243     260     247     232     240     236
    254     240     247     275     230     229     243     237
    227     242     256     250     254     247     235     244
    225     242     250     242     228     245     243     265
    261     217     255     259     225     260     251     236
    226     261     260     226     215     248     247     229
    223     238     242     226     225     223     245     209
    242     237     243     231     258     240     220     257
    246     234     213     256     205     232     243     233
    236     244     208     221     223     222     224     228
    213     213     252     256     242     249     224     211
    238     250     205     232     208     239     219     243
    216     221     211     232     234     207     229     217
    216     224     217     209     191     239     226     231
    228     232     229     208     221     235     233     225
    191     181     250     219     203     219     217     221
    199     217     213     232     226     221     214     226
    209     218     256     200     210     222     234     192
    225     222     214     223     201     189     219     193
    195     192     196     211     208     204     213     213
    227     232     202     218     197     199     230     204
    213     203     181     203     208     186     192     199
    184     180     193     191     199     202     191     187
    187     221     195     216     206     190     197     203
    192     196     179     191     186     189     190     213
    214     185     205     176     231     174     194     207
    200     207     214     201     176     191     206     192
    183     203     200     194     208     211     201     202
    191     207     212     210     208     220     189     192
    205     188     203     201     181     203     205     201
    204     201     190     216     169     178     186     203
    204     198     216     177     189     187     188     208
    196     183     193     191     187     213     199     202
    185     197     156     172     190     165     182     176
    169     186     196     184     170     165     189     197
    176     159     175     171     199     175     183     166
    175     201     158     165     158     185     177     168
    170     175     182     156     179     172     166     172
    168     183     175     177     185     139     161     171
    186     171     161     175     167     160     176     165
    179     155     166     143     167     170     161     161
    171     160     176     155     168     184     167     159
    137     157     158     153     181     156     155     141
    153     167     146     173     139     173     191     134
    133     142     189     140     148     148     155     130
    159     135     146     134     145     150     156     135
    136     152     155     157     142     160     139     149
    159     155     129     173     144     137     145     151
    125     112     133     144     142     138     126     129
    149     154     133     132     126     130     144     154
    146     150     146     141     140     141     154     148
    176     135     129     152     161     125     111     132
    136     123     140     151     136     125     133     134
     92      98     133     124     124     123     119     136
    127     130     118     140     125     126     142     111
    124     124     127     111     130     132     127     122
    126     129     121     110     126     126     129     114
    135     134     119     155     135     132     130     133
    153     132     131     148     145     150     123     137
    156     143     134     141     134     150     128     134
    141     139     130     123     157     150     136     144
    135     130     131     143     128     139     126     141
    151     128     124     124     133     112     108     109
    137     125      97     132     109     120     132     117
    119      95     129     110     128     128     149     124
    127     134     141     129     133     130     139     139
    132     142     133     134     132     136     117     109
     99      86      77      75      73      73      65      51
     64      35      57      49      56      49      51      63
     55      39      47      58      49      52      55      52
     51      49      61      49      54      43      54      61
     52      65      67      77      38      51      44      53
     44      45      47      50      47      40      48      50
     48      45      34      34      42      42      48      39
     36      42      44      52      37      45      56      59
     85      69      90      94     110     115     155     175
    205     247     331     362     406     496     666     764
    908    1002    1203    1356    1643    1799    1910    2247
   2382    2614    2859    3032    3252    3455    3579    3658
   3807    3927    4085    4188    4170    4132    4285    4338
   4111    3860    3742    3359    2797    2425    1873    1429
    958     733     538     475     343     279     208     169
    136     108      80      79      46      43      36      38
     22      26      22      18      21      14      18       7
     19      12      14       8      10       6      11       2
     10       1       5       4       7       6       5       0
      6       4       1       4       3       5       3       2
      3       2       3       0       0       6       0       3
      2       1       3       3       0       2       1       1
      1       4       0       3       0       4       1       2
      2       2       4       4       1       0       0       0
      3       1       3       0       4       1       1       1
      1       0       2       3       0       1       1       0
      1       0       1       2       1       1       1       3
      0       0       0       3       1       0       2       0
      1       1       0       2       0       2       3       2
      1       1       4       0       1       2       1       0
      2       1       0       2       2       1       2       4
      5       2       2       1       1       0       1       0
$Angles (tilt,azimute): 0 0
$Date & Time          :24-04-2023         13:28:59
$RBS2run02.dat
$B(13:25:43) = -2.282510 kG
$B(13:25:42) = -2.282470 kG
