    194     197       0       0       0       0       0       0
      0       0       0       0       0       0       0       0
      0       0       0       0       0       0       0       0
      0       0       0       0       0       0       0       0
      0       0       0       0       0       0       0       0
      0       0       0       0       0       0       0       0
      0       0       0       0       0       0       0       0
      0       0       0       0       0       0       0       0
      0       0       0       0       0       0       0       0
      0       0       0       0       0       0       0       0
      0       0       0       0       0       0       0       0
      0       0       0       0       0       0       0       0
      0       0       0       0       0       0       0       0
      0       0       0       0       0       0       0       0
      0       0       0       0       0       0       0       0
      0       0       0      62     296     307     293     291
    265     289     272     260     281     285     277     293
    250     255     281     259     261     261     247     240
    266     259     290     270     284     267     245     272
    274     289     257     260     259     284     259     268
    286     272     274     250     270     283     243     277
    263     258     285     282     291     272     241     297
    275     252     254     271     257     278     280     254
    245     231     258     278     275     232     242     270
    259     257     244     267     264     240     259     237
    224     248     271     228     254     273     308     230
    270     266     267     280     232     255     274     257
    262     225     240     247     260     245     247     255
    256     251     223     236     244     247     253     235
    243     247     233     275     247     228     245     262
    266     240     245     218     237     246     243     259
    206     264     242     227     232     255     236     230
    232     250     273     229     239     238     231     237
    218     249     257     245     213     230     228     249
    252     236     243     250     219     244     213     223
    246     210     199     202     246     238     225     224
    265     220     208     250     207     257     233     210
    225     217     240     232     224     225     210     207
    224     198     217     208     220     234     202     216
    238     218     222     200     223     236     233     200
    213     205     231     243     216     220     217     233
    218     205     237     259     200     208     237     231
    226     216     223     208     229     239     219     215
    192     214     205     232     224     193     209     233
    215     213     181     199     195     200     202     210
    194     206     228     214     201     203     212     216
    222     216     201     202     199     214     176     202
    184     201     211     201     197     230     200     217
    190     213     197     213     202     193     214     214
    187     198     188     240     203     180     222     203
    171     210     177     178     201     175     171     187
    206     165     203     195     190     187     190     165
    179     208     178     204     173     172     182     199
    191     192     207     177     192     189     201     167
    182     165     195     184     170     185     186     183
    178     187     163     201     176     184     190     179
    206     204     172     199     173     156     183     207
    178     188     185     161     190     198     193     183
    202     188     171     167     167     180     208     167
    187     193     177     195     171     191     177     193
    181     172     178     174     176     211     174     196
    206     172     189     173     182     147     178     174
    189     176     161     151     172     172     204     179
    182     188     161     169     176     173     170     159
    170     171     180     168     180     141     177     162
    165     158     158     156     170     152     174     153
    181     161     164     158     129     176     153     164
    158     138     148     148     165     163     168     137
    147     163     158     140     139     150     147     153
    163     149     182     155     165     159     148     124
    179     155     158     149     143     156     168     161
    147     179     153     133     146     154     156     142
    147     152     145     140     143     126     145     153
    151     134     143     132     146     158     153     145
    111     157     131     130     152     142     143     126
    130     150     147     143     138     132     127     128
    143     106     130     115     134     116     129     130
    120     133     138     135     130     121     131     113
    118     112     123     128     121     147     128     137
    120     144     121     149     137     141     131     141
    136     130     142     127     126     107     125     121
    101     131     118     110     101      96     136     121
    113     119     121     125     104     113     116     115
    125     112     125     118     121     132     121     131
     99      99     114     114     124     112     119     118
     98     109     113     106     102     135     116     120
    126     117     120     120     125     122     135     161
    119     135     136     138     116     113     123     143
    114     134     145     149     110     142     140     138
    124     126     122     120     117     131     148     139
    134     128     143     121     129     112     108     110
    105     117     131     115     105     131     117     107
    110     110     117     118     119     136     124     132
    130     122     108     112     117     103     103     116
    119     116     123     138     146     143     140     126
    138     128     146     136     121     126     120     106
    112      71      98      45      69      51      50      67
     62      61      55      54      53      58      44      38
     45      41      55      41      52      39      45      43
     49      48      44      46      56      42      43      58
     61      49      47      52      50      43      47      46
     34      49      47      41      23      37      45      48
     43      31      34      51      25      32      47      40
     37      30      42      41      37      43      43      49
     50      43      56      56      58      84      76      88
    114     104     159     212     218     262     318     371
    481     600     697     873    1027    1264    1486    1769
   1901    2125    2340    2691    2821    3090    3287    3459
   3547    3884    3939    4075    4138    4162    4175    4334
   4149    4058    3785    3439    2953    2446    1824    1455
   1019     762     555     413     363     245     214     156
    130      87      67      62      52      42      27      25
     29      37      24      16      19       9      18      17
      7      13      17       8      11       8      10      11
      8       6       7       1       9       2       4       5
      2       5       7       2       4       6       6       5
      3       4       4       5       0       1       1       1
      1       2       2       1       2       2       0       2
      2       4       2       2       3       1       1       2
      2       3       4       3       0       2       1       0
      0       2       2       2       1       2       1       0
      0       2       0       2       1       0       0       1
      1       1       1       1       0       3       0       1
      0       0       0       1       0       0       2       1
      1       2       2       0       0       1       2       1
      2       0       2       2       1       2       3       0
      1       0       1       2       1       1       2       2
      3       2       1       0       1       1       0       1
$Angles (tilt,azimute): 0 0
$Date & Time          :24-04-2023         13:36:46
$RBS2run04.dat
$B(13:33:24) = -2.282280 kG
$B(13:33:14) = -2.282260 kG
