    192     193       0       0       0       0       0       0
      0       0       0       0       0       0       0       0
      0       0       0       0       0       0       0       0
      0       0       0       0       0       0       0       0
      0       0       0       0       0       0       0       0
      0       0       0       0       0       0       0       0
      0       0       0       0       0       0       0       0
      0       0       0       0       0       0       0       0
      0       0       0       0       0       0       0       0
      0       0       0       0       0       0       0       0
      0       0       3       6     132     547     549     528
    489     538     488     516     471     451     487     494
    490     489     481     475     425     430     438     466
    447     475     447     430     489     454     434     429
    407     448     429     434     460     437     436     434
    411     378     403     437     442     438     405     387
    431     408     371     399     386     375     410     420
    430     394     389     397     426     414     397     401
    379     369     397     401     390     389     358     359
    391     386     356     376     344     364     388     406
    386     353     364     367     392     362     369     390
    338     415     341     412     384     362     368     387
    389     330     339     357     361     354     357     365
    364     356     348     355     368     349     375     345
    356     358     367     381     341     348     344     327
    362     371     328     340     364     360     348     345
    339     327     346     341     359     326     329     301
    304     355     338     321     337     345     349     305
    304     333     371     329     338     342     306     328
    305     314     335     338     308     356     322     327
    304     326     326     319     335     336     323     315
    324     333     359     315     316     300     283     360
    304     340     314     346     327     321     347     317
    317     298     325     307     333     327     288     333
    320     338     322     332     293     290     342     321
    294     317     313     304     298     284     329     301
    309     302     308     335     279     326     287     305
    274     300     289     312     305     311     267     352
    314     334     287     300     285     315     284     317
    294     284     282     295     311     326     324     273
    281     312     279     329     277     283     315     316
    290     306     278     271     285     282     290     304
    282     277     271     276     297     292     278     288
    277     283     260     283     279     271     280     279
    264     273     279     315     290     274     279     276
    262     266     292     286     295     272     249     268
    271     262     257     282     266     245     294     254
    273     284     285     290     269     250     283     285
    298     283     292     237     269     280     296     257
    261     285     277     264     239     258     253     275
    276     283     247     300     273     263     297     264
    264     247     282     241     264     257     253     234
    212     243     222     231     247     195     182     155
    143     141     105      76      71      46      29      19
     25      17      12      12       6       9       6       6
      2       4       4       6       5       4       5       7
      3       2       1       7       8       3       5       5
      3       2       4       4       3       5       6       4
      4       6       4       5       5       5       4       4
      7       4       3       5       5       4       2       8
      7       2       6       5       1       5       3       6
      5       5       5       7       4       5       3       4
      3       4       2       5       7       2       2       3
      8       2       1       4       1       7       4       2
      3       6       4       3       4       3       3       6
      4       1       1       4       6       3       1       2
      3       5       6       2       3       5       2       7
      5       2       5       3       3       3       1       1
      1       3       3       2       2       2       5       2
      3       2       1       3       2       2       1       2
      5       4       4       1       1       2       2       3
      5       2       2       2       0       2       5       5
      1       3       0       3       5       3       3       2
      1       4       1       6       4       3       5       2
      3       2       2       0       5       3       0       4
      3       0       1       0       0       2       0       1
      0       0       1       1       0       0       0       0
      0       0       3       0       0       1       0       1
      1       1       1       2       0       0       0       1
      0       2       0       0       1       0       1       0
      0       1       0       0       0       0       1       0
      0       0       1       0       0       1       2       0
      1       0       0       0       0       0       0       0
      0       1       0       0       0       0       2       0
      2       0       0       0       0       0       0       0
      0       0       1       0       1       1       1       2
      0       0       0       0       1       1       2       1
      0       1       0       0       0       0       0       0
      0       0       1       1       0       0       0       1
      0       0       1       0       0       0       0       0
      0       0       0       0       0       0       0       0
      0       1       1       1       1       0       0       0
      0       0       1       0       1       0       1       1
      1       1       0       0       0       0       0       1
      0       0       0       0       0       0       0       0
      0       0       1       0       0       0       0       0
      0       0       0       0       0       0       0       0
      0       0       0       0       0       0       0       0
      0       0       0       0       0       0       0       0
      0       0       0       0       0       0       0       0
      0       0       0       0       0       0       0       0
      0       0       0       0       0       0       0       0
      0       0       0       0       0       0       0       0
      0       0       0       0       0       0       0       0
      0       0       0       0       0       0       0       0
      0       0       0       0       0       0       0       0
      0       0       0       0       0       0       0       0
      0       0       0       0       0       0       0       0
      0       0       0       0       0       0       0       0
      0       0       0       0       0       0       0       0
      0       0       0       0       0       0       0       0
      0       0       0       0       0       0       0       0
      0       0       0       0       0       0       0       0
      0       0       0       0       0       0       0       0
      0       0       0       0       0       0       0       0
      0       0       0       0       0       0       0       0
      0       0       0       0       0       0       0       0
      0       0       0       0       0       0       0       0
      0       0       0       0       0       0       0       0
      0       0       0       0       0       0       0       0
      0       0       0       0       0       0       0       0
      0       0       0       0       0       0       0       0
      0       0       0       0       0       0       0       0
      0       0       0       0       0       0       0       0
      0       0       0       0       0       0       0       0
      0       0       0       0       0       0       0       0
      0       0       0       0       0       0       0       0
      0       0       0       0       0       0       0       0
$Angles (tilt,azimute): 0 0
$Date & Time          :02-09-2022         12:24:10
$ERDrun1.dat
$B(12:19:54) = 4.785540  kG
UNITS?
kG

$B(12:23:08) = 4.785240 kG
