   2900    2901       0       0       0       0       0       0
      0       0       0       0       0       0       0       0
      0       0       0       0       0       0       0       0
      0       0       0       0       0       0       0       0
      0       0       0       0       0       0       0       0
      0       0       0       0       0       0       0       0
      0       0       0       0       0       0       0       0
      0       0       0       0       0       0       0       0
      0       0       0       0       0       0       0       0
      0       0       0       0       0       0       0       0
      0       0       0       0      15      97      75      77
     86      75      70      63      80      77      76      76
     95      81      79      84      73      79      84      78
     92      94      99      72     103     104      90      92
     91      91     113      93      85      86     103     104
     88     115      94     108      81      75      90      92
     88      92      86      91      87      74      78      60
     84      53      74      72      69      65      67      66
     71      50      50      59      50      82      65      65
     64      57      63      51      60      56      58      57
     66      58      55      66      69      61      47      69
     49      45      37      41      35      35      33      32
     32      28      30      22      30      34      40      29
     43      31      33      22      36      30      36      41
     37      48      37      35      41      35      21      41
     36      35      38      35      32      38      28      24
     42      39      36      37      38      34      28      39
     38      47      34      37      46      45      48      48
     43      44      26      51      38      44      36      52
     52      45      38      45      54      53      33      47
     45      42      54      42      57      28      39      47
     70      49      48      36      47      48      53      52
     57      56      41      63      52      44      46      49
     47      50      56      71      61      62      53      49
     56      52      80      63      68      63      83      78
     78      83      67      65      94      77      68      98
     83     104      95      93      97     102      85      96
     97      96      87      92     100      99     102      86
     79      90      85      91      92      84      83      86
     76      66      88      78      77      64      51      46
     41      27      28      24      26      25      25      21
     21      19      26      19      25      20      22      16
     21      15      18      21      21      11      20      26
     21      17      22      24      20      31      19      28
     31      22      33      26      31      21      23      28
     28      32      27      34      31      36      26      34
     34      30      37      27      37      43      26      32
     36      38      26      29      25      36      40      36
     27      31      37      36      35      22      28      36
     42      27      36      33      30      37      35      34
     36      34      31      38      30      32      43      25
     30      42      32      28      42      37      38      39
     35      39      33      40      37      39      33      43
     33      41      55      42      47      39      42      52
     43      50      50      39      42      43      40      49
     48      48      40      53      50      51      50      43
     42      48      50      56      63      61      46      61
     61      72      67      58      83      67      69      62
     85      69      74      76      96      78      75      94
     87      91     108     109     137     146     146     150
    140     156     174     165     200     184     181     165
    189     171     205     191     195     188     224     200
    197     194     202     200     204     193     201     179
    214     175     210     220     202     204     205     194
    206     177     200     186     196     200     193     163
    167     150     133     102      82      85      50      50
     38      16      13      16      11      16       9      10
     10       5       7      10       7      11       8       3
      4       2       3      12       5       8       6       3
      3       8       6       3       6       2       8      10
      3       6       3       4       2       5       6       5
      3       1       1       1       4       1       5       1
      2       4       0       2       1       3       3       1
      2       2       5       1       4       1       1       3
      8       3       2       3       2       1       2       1
      1       2       4       4       1       2       4       2
      1       5       3       0       4       1       1       5
      0       0       1       2       1       0       2       2
      1       0       1       1       0       0       1       0
      1       1       2       0       3       1       0       1
      1       0       1       1       0       2       0       1
      3       0       3       1       0       2       1       1
      1       0       1       1       1       2       2       2
      2       0       0       3       3       1       1       0
      1       1       1       1       2       0       2       2
      3       1       2       2       1       0       2       0
      1       4       1       0       2       2       2       0
      3       1       2       2       0       2       1       2
      6       3       2       3       2       1       1       1
      2       0       3       0       2       1       2       1
      1       0       1       2       2       2       1       0
      3       1       3       0       2       0       0       0
      0       0       1       0       0       0       1       0
      0       0       0       0       0       0       0       0
      0       0       0       0       0       0       0       0
      0       0       0       0       0       0       0       0
      0       0       0       0       0       0       0       0
      0       0       0       0       0       0       0       0
      0       0       0       0       0       0       0       0
      0       0       0       0       0       0       0       0
      0       0       0       0       0       0       0       0
      0       0       0       0       0       0       0       0
      0       0       0       0       0       0       0       0
      0       0       0       0       0       0       0       0
      0       0       0       0       0       0       0       0
      0       0       0       0       0       0       0       0
      0       0       0       0       0       0       0       0
      0       0       0       0       0       0       0       0
      0       0       0       0       0       0       0       0
      0       0       0       0       0       0       0       0
      0       0       0       0       0       0       0       0
      0       0       0       0       0       0       0       0
      0       0       0       0       0       0       0       0
      0       0       0       0       0       0       0       0
      0       0       0       0       0       0       0       0
      0       0       0       0       0       0       0       0
      0       0       0       0       0       0       0       0
      0       0       0       0       0       0       0       0
      0       0       0       0       0       0       0       0
      0       0       0       0       0       0       0       0
      0       0       0       0       0       0       0       0
      0       0       0       0       0       0       0       0
      0       0       0       0       0       0       0       0
      0       0       0       0       0       0       0       0
      0       0       0       0       0       0       0       0
      0       0       0       0       0       0       0       0
      0       0       0       0       0       0       0       0
      0       0       0       0       0       0       0       0
$Angles (tilt,azimute): 0 0
$Date & Time          :02-09-2022         16:09:27
$ERDrun11.dat
$B(15:20:53) = 4.786130 kG
$B(16:09:15) = 4.785790 kG
