    728     768       0       0       0       0       0       0
      0       0       0       0       0       0       0       0
      0       0       0       0       0       0       0       0
      0       0       0       0       0       0       0       0
      0       0       0       0       0       0       0       0
      0       0       0       0       0       0       0       0
      0       0       0       0       0       0       0       0
      0       0       0       0       0       0       0       0
      0       0       0       0       0       0       0       0
      0       0       0       0       0       0       0       0
      0       0      12      57    1396    5033    5051    4858
   4908    4851    4735    4662    4695    4591    4694    4573
   4511    4465    4445    4544    4279    4243    4229    4363
   4274    4189    4110    4126    4040    3946    3934    3899
   3935    3867    3836    3837    3729    3744    3709    3712
   3763    3635    3507    3593    3602    3545    3444    3505
   3514    3414    3446    3460    3235    3349    3388    3327
   3396    3331    3223    3330    3216    3347    3236    3144
   3130    3184    3163    3170    3296    3195    3143    3224
   3135    3263    3092    3093    3165    3128    3114    3209
   3113    3249    3206    3109    3324    3216    3180    3137
   3135    3213    3267    3268    3171    3190    3273    3182
   3243    3182    3265    3302    3274    3234    3250    3271
   3331    3254    3327    3390    3323    3364    3458    3446
   3411    3469    3540    3430    3555    3476    3614    3640
   3651    3513    3574    3643    3794    3842    3754    3769
   3817    3902    4039    3911    4039    4081    4077    4136
   4130    4282    4366    4282    4622    4404    4411    4578
   4540    4566    4605    4699    4640    4802    4866    5087
   5033    5097    5122    5191    5199    5244    5412    5307
   5528    5395    5544    5577    5618    5784    5799    5819
   5949    5919    5952    6131    6183    6207    6208    6204
   6291    6351    6309    6365    6461    6509    6493    6515
   6551    6634    6616    6551    6636    6550    6726    6630
   6806    6689    6613    6799    6692    6792    6812    6697
   6836    6789    6654    6706    6687    6774    6858    6597
   6731    6661    6634    6629    6515    6501    6526    6575
   6727    6584    6587    6509    6497    6458    6504    6437
   6463    6391    6409    6294    6357    6331    6461    6250
   6115    6131    6238    6278    6194    6216    6088    5985
   6148    6221    6114    5997    5853    5985    5991    5741
   5960    5866    5893    5813    5930    5789    5695    5723
   5654    5588    5728    5683    5743    5648    5631    5527
   5469    5505    5494    5513    5352    5317    5412    5380
   5524    5454    5300    5403    5259    5375    5282    5139
   5208    5275    5203    5258    5167    5048    5122    5065
   5073    4931    4947    5079    5110    4880    4907    4888
   4957    4903    5026    5056    4849    4840    4889    4830
   4710    4793    4668    4868    4838    4778    4705    4669
   4613    4746    4722    4540    4635    4561    4563    4466
   4467    4476    4628    4505    4593    4483    4414    4547
   4407    4404    4486    4297    4248    4379    4245    4281
   4291    4214    4266    4191    4223    4083    4163    4215
   4187    4264    4122    4154    4196    4153    4055    4006
   4088    4095    3996    3944    3913    3960    3970    3804
   3826    3813    3803    3804    3774    3732    3698    3556
   3702    3584    3635    3493    3572    3521    3453    3482
   3231    3255    3317    3173    3187    3150    3155    2994
   3040    2953    2802    2834    2865    2699    2639    2566
   2498    2503    2434    2359    2189    2110    2100    2040
   1878    1924    1805    1795    1735    1516    1435    1448
   1348    1254    1144    1146    1036    1015     919     864
    771     744     728     688     653     641     598     546
    528     510     501     492     480     425     398     454
    419     387     420     429     444     430     404     469
    401     401     440     410     475     436     408     436
    457     443     471     502     491     497     501     480
    512     479     546     531     518     521     509     574
    575     589     569     600     644     594     580     679
    637     661     661     661     653     650     693     685
    750     735     749     750     738     805     791     809
    821     837     860     877     905     944     929     959
   1009     967     969     993    1002    1051    1067    1101
   1063    1124    1116    1234    1201    1155    1289    1198
   1347    1335    1374    1436    1429    1463    1514    1537
   1585    1557    1702    1727    1724    1673    1805    1918
   1972    1982    2003    2085    2219    2257    2340    2425
   2480    2540    2535    2799    2890    2922    3050    3152
   3274    3505    3577    3679    4004    4016    4287    4345
   4522    4865    5051    5487    5577    5721    6002    6597
   6728    7076    7516    7755    8015    8392    8960    9221
   9755    9966   10687   11097   11505   11848   12346   12822
  12818   13469   13501   14001   14293   14716   14848   15069
  15353   15544   15718   15530   15835   16194   16085   16417
  16396   16217   16337   16341   16307   16498   16544   16633
  16461   16459   16497   16616   16498   16542   16412   16738
  16567   16304   16474   16413   16473   16666   16436   16592
  16458   16099   16199   16335   16209   16347   16095   16275
  16120   16209   16260   16245   15995   15863   15938   16009
  15818   15921   15690   15583   15485   15229   15036   14886
  14154   13729   13422   12817   12080   11006    9966    9004
   7952    6912    5979    5092    4316    3524    2964    2496
   2112    1741    1488    1147     938     798     637     488
    438     335     304     269     202     195     183     160
    143     148     124     117     128     106     101      90
     94     109     100      89      86     115      98      96
    103      88      71      86      81      77      95      76
     67      85      76      78      71      80      82      82
     56      96      67      93      72      69      75      83
     70      77      71      65      77      77      63      73
     65      66      47      62      70      78      62      68
     78      76      71      61      71      66      67      65
     63      79      75      69      73      72      56      70
     67      65      55      50      56      56      54      67
     63      61      58      64      64      74      62      70
     60      50      60      75      51      57      62      69
     55      64      60      61      54      60      64      52
     52      49      56      58      50      47      69      72
     49      48      47      49      64      42      62      67
     59      51      56      65      53      68      58      50
     73      43      42      52      47      67      56      58
     58      75      69      41      53      58      53      55
     49      67      62      57      51      58      63      59
     59      63      52      49      71      60      69      51
     51      62      55      75      69      57      69      58
     62      64      55      50      72      63      76      50
     50      49      49      45      49      61      44      51
     56      62      40      45      38      54      60      55
     52      53      65      54      53      69      39      44
     49      57      58      48      66      55      56      51
     57      54      50      50      49      43      47      46
     36      61      45      48      40      49      41      48
     62      48      52      48      52      48      52      46
     50      48      57      51      44      53      39      50
     46      51      47      49      40      56      60      44
     44      36      45      45      36      46      53      46
     46      37      42      48      37      37      50      34
     49      47      53      45      36      48      41      40
$Angles (tilt,azimute): 0 0
$Date & Time          :02-09-2022         13:25:47
$ERDrun6.dat
$B(13:12:31) = 4.785240  kG
UNITS?
kG

$B(13:25:20) = 4.785260 kG
