   1170    1210       0       0       0       0       0       0
      0       0       0       0       0       0       0       0
      0       0       0       0       0       0       0       0
      0       0       0       0       0       0       0       0
      0       0       0       0       0       0       0       0
      0       0       0       0       0       0       0       0
      0       0       0       0       0       0       0       0
      0       0       0       0       0       0       0       0
     20      85     201    2373   10311   10033    9838    9559
   9620    9399    9279    9377    9134    9074    9090    9011
   8879    8540    8796    8686    8515    8466    8330    8323
   8365    8099    8111    7857    7999    7856    8006    7884
   7807    7786    7664    7651    7615    7519    7502    7467
   7334    7234    7213    7206    7185    7102    7088    7082
   6820    6974    6839    6910    6806    6818    6848    6722
   6845    6725    6596    6752    6464    6616    6608    6435
   6469    6454    6414    6370    6201    6247    6304    6278
   6244    6163    6107    6150    6156    6090    6072    5937
   6061    5860    5908    5981    5827    5760    5889    5771
   5757    5766    5797    5617    5581    5698    5666    5598
   5535    5547    5590    5573    5470    5480    5496    5365
   5450    5401    5464    5393    5260    5214    5292    5127
   5256    5043    5131    4989    5113    4979    4934    5097
   4928    4934    4979    4878    4850    4845    4822    4742
   4662    4639    4771    4671    4633    4790    4531    4656
   4559    4574    4548    4453    4533    4386    4454    4417
   4301    4411    4386    4313    4257    4248    4102    4134
   4318    4146    4198    4137    4084    4213    4151    4087
   3986    4031    4041    4006    3861    3921    3860    3944
   3994    3900    3844    3876    3790    3762    3697    3779
   3694    3747    3592    3599    3679    3611    3482    3593
   3675    3590    3621    3473    3574    3480    3526    3492
   3456    3447    3434    3314    3430    3383    3296    3406
   3227    3188    3200    3347    3254    3189    3241    3139
   3135    3159    3021    3127    3083    3100    3025    3061
   3177    2962    3043    2964    3078    3021    2907    2972
   2915    2916    2890    2967    2969    2895    2920    2956
   2856    2902    2821    2844    2736    2858    2799    2774
   2784    2777    2775    2687    2715    2810    2655    2713
   2568    2742    2677    2686    2622    2551    2699    2645
   2620    2631    2562    2616    2496    2559    2499    2544
   2656    2497    2571    2605    2534    2456    2499    2464
   2494    2390    2465    2456    2389    2301    2383    2428
   2322    2391    2357    2380    2418    2284    2382    2324
   2344    2358    2388    2350    2370    2261    2347    2328
   2319    2290    2302    2264    2254    2231    2160    2243
   2287    2199    2192    2135    2304    2199    2258    2216
   2216    2111    2171    2146    2240    2137    2164    2130
   2214    2164    2164    2087    2213    2124    2085    2074
   2114    2135    2019    2071    2092    2167    2040    2152
   1987    2132    2037    2096    2070    2153    1959    2062
   2049    2023    2032    2080    2061    2013    1992    2060
   2035    2070    2026    1997    2142    2014    1985    1926
   1979    1989    2084    2088    1987    1966    1987    2019
   2059    2001    2032    2007    2035    2069    2003    1994
   1959    2008    1942    1907    1990    1993    1949    1950
   2083    1995    2048    2011    2098    2097    2105    1983
   1953    1970    1979    1940    1989    1960    1965    1911
   1940    1977    1965    1985    1955    1935    1897    1828
   1929    1881    2014    1837    1876    1947    1891    1807
   1768    1854    1733    1873    1865    1825    1824    1801
   1830    1817    1874    1767    1852    1760    1855    1803
   1828    1859    1919    1896    1927    1932    1979    2034
   1986    2000    2051    2117    2102    2093    2233    2286
   2208    2249    2320    2404    2448    2381    2473    2526
   2520    2562    2660    2720    2729    2788    2777    2807
   2848    2913    2993    3021    3078    3147    3100    3287
   3341    3359    3408    3508    3538    3520    3559    3647
   3740    3855    3790    3980    4066    4087    4102    4168
   4298    4321    4333    4555    4468    4519    4723    4725
   4829    5007    4870    5044    5043    5255    5389    5335
   5455    5608    5546    5832    5807    5902    5940    6101
   6249    6191    6451    6494    6657    6654    6754    6877
   6861    7260    7225    7294    7385    7722    7477    7600
   7817    7915    7851    8013    8235    8425    8633    8630
   8672    8742    9033    8864    8977    9292    9440    9501
   9444    9594    9754    9732    9879   10077    9910   10132
  10230   10244   10450   10470   10513   10801   10777   10717
  10772   10701   10935   11071   11081   11270   11145   11259
  11232   11377   11456   11252   11436   11337   11445   11460
  11430   11459   11442   11372   11473   11469   11416   11550
  11521   11421   11396   11412   11605   11523   11387   11507
  11184   11289   11428   11354   11468   11366   11429   11373
  11395   11363   11233   11216   11309   11272   11311   11096
  11274   11084   11162   11071   11066   11137   11225   11182
  10958   11087   11045   11033   10897   11062   10937   11158
  11032   10889   10879   10860   10858   10661   10837   10803
  10686   10820   10659   10678   10690   10684   10474   10396
  10343   10312   10306   10159   10228   10156    9877   10012
   9918    9829    9545    9636    9318    9453    9152    8931
   8530    8569    8299    8085    7574    7193    6593    5945
   5266    4550    3717    2922    2126    1480    1035     639
    407     289     197     142     128     109     111     100
    100      96      97      76      95      69      79      75
     87      72      75      91      74      74      86      73
     76      73      70      68      68      70      69      73
     60      71      71      60      58      65      62      51
     55      65      53      53      48      57      60      52
     55      54      66      43      54      42      63      52
     50      50      43      41      52      47      43      45
     56      62      53      44      44      65      58      52
     44      42      48      44      52      40      68      42
     43      48      51      51      45      39      55      44
     46      36      45      35      40      36      44      46
     38      51      39      37      43      35      46      55
     32      36      47      40      34      34      42      46
     46      38      39      42      46      40      41      36
     40      44      30      38      29      35      42      30
     34      31      38      30      41      32      32      25
     42      30      42      37      30      35      25      24
     41      32      39      37      44      19      42      24
     37      36      23      37      34      30      36      32
     35      33      33      23      33      33      30      29
     29      28      33      37      25      36      36      27
     31      28      37      38      22      43      41      30
     29      25      32      38      34      25      28      27
     35      23      26      31      36      28      27      33
     20      33      21      25      32      22      24      29
     22      35      36      24      21      27      21      32
     27      18      27      23      25      26      26      28
     28      20      27      25      27      22      33      30
     32      24      23      25      20      24      18      19
     22      29      27      27      23      23      19      22
     28      22      21      28      24      29      29      15
     27      18      32      16      29      19      26      24
     19      17      22      33      24      22      20      20
     19      13      23      24      22      14      27      32
     14      25      20      25      21      21      25      21
$Angles (tilt,azimute): 0 0
$Date & Time          :02-09-2022         13:10:50
$RBS1run5.dat
$B(12:50:16) = 4.785120 kG
$B(13:10:27) = 0.000000 kG
