1 0 
2 0 
3 0 
4 0 
5 0 
6 0 
7 0 
8 0 
9 0 
10 0 
11 0 
12 0 
13 0 
14 0 
15 0 
16 0 
17 0 
18 0 
19 0 
20 0 
21 0 
22 0 
23 0 
24 0 
25 0 
26 0 
27 0 
28 0 
29 0 
30 0 
31 0 
32 0 
33 0 
34 0 
35 0 
36 0 
37 0 
38 0 
39 0 
40 0 
41 0 
42 0 
43 0 
44 0 
45 0 
46 0 
47 0 
48 0 
49 0 
50 0 
51 0 
52 0 
53 0 
54 0 
55 0 
56 0 
57 0 
58 0 
59 0 
60 0 
61 0 
62 0 
63 20 
64 85 
65 201 
66 2373 
67 10311 
68 10033 
69 9838 
70 9559 
71 9620 
72 9399 
73 9279 
74 9377 
75 9134 
76 9074 
77 9090 
78 9011 
79 8879 
80 8540 
81 8796 
82 8686 
83 8515 
84 8466 
85 8330 
86 8323 
87 8365 
88 8099 
89 8111 
90 7857 
91 7999 
92 7856 
93 8006 
94 7884 
95 7807 
96 7786 
97 7664 
98 7651 
99 7615 
100 7519 
101 7502 
102 7467 
103 7334 
104 7234 
105 7213 
106 7206 
107 7185 
108 7102 
109 7088 
110 7082 
111 6820 
112 6974 
113 6839 
114 6910 
115 6806 
116 6818 
117 6848 
118 6722 
119 6845 
120 6725 
121 6596 
122 6752 
123 6464 
124 6616 
125 6608 
126 6435 
127 6469 
128 6454 
129 6414 
130 6370 
131 6201 
132 6247 
133 6304 
134 6278 
135 6244 
136 6163 
137 6107 
138 6150 
139 6156 
140 6090 
141 6072 
142 5937 
143 6061 
144 5860 
145 5908 
146 5981 
147 5827 
148 5760 
149 5889 
150 5771 
151 5757 
152 5766 
153 5797 
154 5617 
155 5581 
156 5698 
157 5666 
158 5598 
159 5535 
160 5547 
161 5590 
162 5573 
163 5470 
164 5480 
165 5496 
166 5365 
167 5450 
168 5401 
169 5464 
170 5393 
171 5260 
172 5214 
173 5292 
174 5127 
175 5256 
176 5043 
177 5131 
178 4989 
179 5113 
180 4979 
181 4934 
182 5097 
183 4928 
184 4934 
185 4979 
186 4878 
187 4850 
188 4845 
189 4822 
190 4742 
191 4662 
192 4639 
193 4771 
194 4671 
195 4633 
196 4790 
197 4531 
198 4656 
199 4559 
200 4574 
201 4548 
202 4453 
203 4533 
204 4386 
205 4454 
206 4417 
207 4301 
208 4411 
209 4386 
210 4313 
211 4257 
212 4248 
213 4102 
214 4134 
215 4318 
216 4146 
217 4198 
218 4137 
219 4084 
220 4213 
221 4151 
222 4087 
223 3986 
224 4031 
225 4041 
226 4006 
227 3861 
228 3921 
229 3860 
230 3944 
231 3994 
232 3900 
233 3844 
234 3876 
235 3790 
236 3762 
237 3697 
238 3779 
239 3694 
240 3747 
241 3592 
242 3599 
243 3679 
244 3611 
245 3482 
246 3593 
247 3675 
248 3590 
249 3621 
250 3473 
251 3574 
252 3480 
253 3526 
254 3492 
255 3456 
256 3447 
257 3434 
258 3314 
259 3430 
260 3383 
261 3296 
262 3406 
263 3227 
264 3188 
265 3200 
266 3347 
267 3254 
268 3189 
269 3241 
270 3139 
271 3135 
272 3159 
273 3021 
274 3127 
275 3083 
276 3100 
277 3025 
278 3061 
279 3177 
280 2962 
281 3043 
282 2964 
283 3078 
284 3021 
285 2907 
286 2972 
287 2915 
288 2916 
289 2890 
290 2967 
291 2969 
292 2895 
293 2920 
294 2956 
295 2856 
296 2902 
297 2821 
298 2844 
299 2736 
300 2858 
301 2799 
302 2774 
303 2784 
304 2777 
305 2775 
306 2687 
307 2715 
308 2810 
309 2655 
310 2713 
311 2568 
312 2742 
313 2677 
314 2686 
315 2622 
316 2551 
317 2699 
318 2645 
319 2620 
320 2631 
321 2562 
322 2616 
323 2496 
324 2559 
325 2499 
326 2544 
327 2656 
328 2497 
329 2571 
330 2605 
331 2534 
332 2456 
333 2499 
334 2464 
335 2494 
336 2390 
337 2465 
338 2456 
339 2389 
340 2301 
341 2383 
342 2428 
343 2322 
344 2391 
345 2357 
346 2380 
347 2418 
348 2284 
349 2382 
350 2324 
351 2344 
352 2358 
353 2388 
354 2350 
355 2370 
356 2261 
357 2347 
358 2328 
359 2319 
360 2290 
361 2302 
362 2264 
363 2254 
364 2231 
365 2160 
366 2243 
367 2287 
368 2199 
369 2192 
370 2135 
371 2304 
372 2199 
373 2258 
374 2216 
375 2216 
376 2111 
377 2171 
378 2146 
379 2240 
380 2137 
381 2164 
382 2130 
383 2214 
384 2164 
385 2164 
386 2087 
387 2213 
388 2124 
389 2085 
390 2074 
391 2114 
392 2135 
393 2019 
394 2071 
395 2092 
396 2167 
397 2040 
398 2152 
399 1987 
400 2132 
401 2037 
402 2096 
403 2070 
404 2153 
405 1959 
406 2062 
407 2049 
408 2023 
409 2032 
410 2080 
411 2061 
412 2013 
413 1992 
414 2060 
415 2035 
416 2070 
417 2026 
418 1997 
419 2142 
420 2014 
421 1985 
422 1926 
423 1979 
424 1989 
425 2084 
426 2088 
427 1987 
428 1966 
429 1987 
430 2019 
431 2059 
432 2001 
433 2032 
434 2007 
435 2035 
436 2069 
437 2003 
438 1994 
439 1959 
440 2008 
441 1942 
442 1907 
443 1990 
444 1993 
445 1949 
446 1950 
447 2083 
448 1995 
449 2048 
450 2011 
451 2098 
452 2097 
453 2105 
454 1983 
455 1953 
456 1970 
457 1979 
458 1940 
459 1989 
460 1960 
461 1965 
462 1911 
463 1940 
464 1977 
465 1965 
466 1985 
467 1955 
468 1935 
469 1897 
470 1828 
471 1929 
472 1881 
473 2014 
474 1837 
475 1876 
476 1947 
477 1891 
478 1807 
479 1768 
480 1854 
481 1733 
482 1873 
483 1865 
484 1825 
485 1824 
486 1801 
487 1830 
488 1817 
489 1874 
490 1767 
491 1852 
492 1760 
493 1855 
494 1803 
495 1828 
496 1859 
497 1919 
498 1896 
499 1927 
500 1932 
501 1979 
502 2034 
503 1986 
504 2000 
505 2051 
506 2117 
507 2102 
508 2093 
509 2233 
510 2286 
511 2208 
512 2249 
513 2320 
514 2404 
515 2448 
516 2381 
517 2473 
518 2526 
519 2520 
520 2562 
521 2660 
522 2720 
523 2729 
524 2788 
525 2777 
526 2807 
527 2848 
528 2913 
529 2993 
530 3021 
531 3078 
532 3147 
533 3100 
534 3287 
535 3341 
536 3359 
537 3408 
538 3508 
539 3538 
540 3520 
541 3559 
542 3647 
543 3740 
544 3855 
545 3790 
546 3980 
547 4066 
548 4087 
549 4102 
550 4168 
551 4298 
552 4321 
553 4333 
554 4555 
555 4468 
556 4519 
557 4723 
558 4725 
559 4829 
560 5007 
561 4870 
562 5044 
563 5043 
564 5255 
565 5389 
566 5335 
567 5455 
568 5608 
569 5546 
570 5832 
571 5807 
572 5902 
573 5940 
574 6101 
575 6249 
576 6191 
577 6451 
578 6494 
579 6657 
580 6654 
581 6754 
582 6877 
583 6861 
584 7260 
585 7225 
586 7294 
587 7385 
588 7722 
589 7477 
590 7600 
591 7817 
592 7915 
593 7851 
594 8013 
595 8235 
596 8425 
597 8633 
598 8630 
599 8672 
600 8742 
601 9033 
602 8864 
603 8977 
604 9292 
605 9440 
606 9501 
607 9444 
608 9594 
609 9754 
610 9732 
611 9879 
612 10077 
613 9910 
614 10132 
615 10230 
616 10244 
617 10450 
618 10470 
619 10513 
620 10801 
621 10777 
622 10717 
623 10772 
624 10701 
625 10935 
626 11071 
627 11081 
628 11270 
629 11145 
630 11259 
631 11232 
632 11377 
633 11456 
634 11252 
635 11436 
636 11337 
637 11445 
638 11460 
639 11430 
640 11459 
641 11442 
642 11372 
643 11473 
644 11469 
645 11416 
646 11550 
647 11521 
648 11421 
649 11396 
650 11412 
651 11605 
652 11523 
653 11387 
654 11507 
655 11184 
656 11289 
657 11428 
658 11354 
659 11468 
660 11366 
661 11429 
662 11373 
663 11395 
664 11363 
665 11233 
666 11216 
667 11309 
668 11272 
669 11311 
670 11096 
671 11274 
672 11084 
673 11162 
674 11071 
675 11066 
676 11137 
677 11225 
678 11182 
679 10958 
680 11087 
681 11045 
682 11033 
683 10897 
684 11062 
685 10937 
686 11158 
687 11032 
688 10889 
689 10879 
690 10860 
691 10858 
692 10661 
693 10837 
694 10803 
695 10686 
696 10820 
697 10659 
698 10678 
699 10690 
700 10684 
701 10474 
702 10396 
703 10343 
704 10312 
705 10306 
706 10159 
707 10228 
708 10156 
709 9877 
710 10012 
711 9918 
712 9829 
713 9545 
714 9636 
715 9318 
716 9453 
717 9152 
718 8931 
719 8530 
720 8569 
721 8299 
722 8085 
723 7574 
724 7193 
725 6593 
726 5945 
727 5266 
728 4550 
729 3717 
730 2922 
731 2126 
732 1480 
733 1035 
734 639 
735 407 
736 289 
737 197 
738 142 
739 128 
740 109 
741 111 
742 100 
743 100 
744 96 
745 97 
746 76 
747 95 
748 69 
749 79 
750 75 
751 87 
752 72 
753 75 
754 91 
755 74 
756 74 
757 86 
758 73 
759 76 
760 73 
761 70 
762 68 
763 68 
764 70 
765 69 
766 73 
767 60 
768 71 
769 71 
770 60 
771 58 
772 65 
773 62 
774 51 
775 55 
776 65 
777 53 
778 53 
779 48 
780 57 
781 60 
782 52 
783 55 
784 54 
785 66 
786 43 
787 54 
788 42 
789 63 
790 52 
791 50 
792 50 
793 43 
794 41 
795 52 
796 47 
797 43 
798 45 
799 56 
800 62 
801 53 
802 44 
803 44 
804 65 
805 58 
806 52 
807 44 
808 42 
809 48 
810 44 
811 52 
812 40 
813 68 
814 42 
815 43 
816 48 
817 51 
818 51 
819 45 
820 39 
821 55 
822 44 
823 46 
824 36 
825 45 
826 35 
827 40 
828 36 
829 44 
830 46 
831 38 
832 51 
833 39 
834 37 
835 43 
836 35 
837 46 
838 55 
839 32 
840 36 
841 47 
842 40 
843 34 
844 34 
845 42 
846 46 
847 46 
848 38 
849 39 
850 42 
851 46 
852 40 
853 41 
854 36 
855 40 
856 44 
857 30 
858 38 
859 29 
860 35 
861 42 
862 30 
863 34 
864 31 
865 38 
866 30 
867 41 
868 32 
869 32 
870 25 
871 42 
872 30 
873 42 
874 37 
875 30 
876 35 
877 25 
878 24 
879 41 
880 32 
881 39 
882 37 
883 44 
884 19 
885 42 
886 24 
887 37 
888 36 
889 23 
890 37 
891 34 
892 30 
893 36 
894 32 
895 35 
896 33 
897 33 
898 23 
899 33 
900 33 
901 30 
902 29 
903 29 
904 28 
905 33 
906 37 
907 25 
908 36 
909 36 
910 27 
911 31 
912 28 
913 37 
914 38 
915 22 
916 43 
917 41 
918 30 
919 29 
920 25 
921 32 
922 38 
923 34 
924 25 
925 28 
926 27 
927 35 
928 23 
929 26 
930 31 
931 36 
932 28 
933 27 
934 33 
935 20 
936 33 
937 21 
938 25 
939 32 
940 22 
941 24 
942 29 
943 22 
944 35 
945 36 
946 24 
947 21 
948 27 
949 21 
950 32 
951 27 
952 18 
953 27 
954 23 
955 25 
956 26 
957 26 
958 28 
959 28 
960 20 
961 27 
962 25 
963 27 
964 22 
965 33 
966 30 
967 32 
968 24 
969 23 
970 25 
971 20 
972 24 
973 18 
974 19 
975 22 
976 29 
977 27 
978 27 
979 23 
980 23 
981 19 
982 22 
983 28 
984 22 
985 21 
986 28 
987 24 
988 29 
989 29 
990 15 
991 27 
992 18 
993 32 
994 16 
995 29 
996 19 
997 26 
998 24 
999 19 
1000 17 
1001 22 
1002 33 
1003 24 
1004 22 
1005 20 
1006 20 
1007 19 
1008 13 
1009 23 
1010 24 
1011 22 
1012 14 
1013 27 
1014 32 
1015 14 
1016 25 
1017 20 
1018 25 
1019 21 
1020 21 
1021 25 
1022 21 
