1 0 
2 0 
3 0 
4 0 
5 0 
6 0 
7 0 
8 0 
9 0 
10 0 
11 0 
12 0 
13 0 
14 0 
15 0 
16 0 
17 0 
18 0 
19 0 
20 0 
21 0 
22 0 
23 0 
24 0 
25 0 
26 0 
27 0 
28 0 
29 0 
30 0 
31 0 
32 0 
33 0 
34 0 
35 0 
36 0 
37 0 
38 0 
39 0 
40 0 
41 0 
42 0 
43 0 
44 0 
45 0 
46 0 
47 0 
48 0 
49 0 
50 0 
51 0 
52 0 
53 0 
54 0 
55 0 
56 0 
57 0 
58 0 
59 0 
60 0 
61 0 
62 0 
63 37 
64 198 
65 421 
66 3070 
67 10264 
68 10265 
69 10109 
70 9973 
71 9993 
72 9760 
73 9680 
74 9695 
75 9497 
76 9565 
77 9358 
78 9152 
79 9212 
80 9033 
81 8964 
82 9166 
83 8936 
84 8797 
85 8978 
86 8718 
87 8731 
88 8425 
89 8446 
90 8445 
91 8270 
92 8206 
93 8279 
94 8413 
95 8049 
96 7953 
97 8062 
98 8006 
99 7948 
100 7863 
101 7705 
102 7805 
103 7702 
104 7601 
105 7587 
106 7634 
107 7440 
108 7509 
109 7423 
110 7337 
111 7464 
112 7258 
113 7125 
114 7274 
115 7376 
116 7119 
117 7090 
118 7084 
119 7103 
120 6887 
121 6908 
122 7025 
123 6774 
124 6780 
125 6797 
126 6753 
127 6509 
128 6554 
129 6604 
130 6621 
131 6361 
132 6470 
133 6527 
134 6361 
135 6529 
136 6330 
137 6339 
138 6268 
139 6299 
140 6177 
141 6015 
142 6159 
143 6098 
144 6105 
145 6114 
146 6054 
147 6075 
148 6052 
149 6074 
150 5930 
151 5809 
152 6021 
153 5918 
154 5827 
155 5770 
156 5745 
157 5755 
158 5841 
159 5703 
160 5743 
161 5707 
162 5667 
163 5651 
164 5590 
165 5484 
166 5602 
167 5470 
168 5510 
169 5538 
170 5382 
171 5468 
172 5410 
173 5446 
174 5293 
175 5164 
176 5396 
177 5371 
178 5265 
179 5255 
180 5242 
181 5230 
182 5232 
183 5059 
184 5173 
185 5192 
186 5211 
187 5098 
188 5056 
189 4997 
190 4954 
191 5046 
192 5031 
193 5033 
194 5058 
195 4896 
196 5000 
197 4969 
198 4952 
199 4808 
200 4832 
201 4715 
202 4899 
203 4933 
204 4644 
205 4798 
206 4770 
207 4694 
208 4799 
209 4732 
210 4685 
211 4732 
212 4614 
213 4796 
214 4727 
215 4641 
216 4696 
217 4552 
218 4491 
219 4602 
220 4517 
221 4521 
222 4637 
223 4432 
224 4397 
225 4379 
226 4375 
227 4299 
228 4426 
229 4338 
230 4341 
231 4203 
232 4221 
233 4165 
234 4124 
235 4298 
236 4246 
237 4134 
238 4104 
239 4136 
240 3992 
241 4072 
242 3989 
243 4080 
244 3907 
245 3979 
246 3924 
247 3870 
248 3890 
249 3808 
250 3781 
251 3820 
252 3782 
253 3938 
254 3775 
255 3838 
256 3865 
257 3806 
258 3815 
259 3818 
260 3764 
261 3725 
262 3764 
263 3700 
264 3686 
265 3637 
266 3611 
267 3627 
268 3673 
269 3646 
270 3583 
271 3471 
272 3570 
273 3532 
274 3620 
275 3574 
276 3502 
277 3533 
278 3665 
279 3518 
280 3537 
281 3477 
282 3599 
283 3534 
284 3513 
285 3360 
286 3562 
287 3513 
288 3518 
289 3497 
290 3524 
291 3480 
292 3557 
293 3528 
294 3571 
295 3538 
296 3342 
297 3450 
298 3456 
299 3426 
300 3488 
301 3448 
302 3301 
303 3480 
304 3377 
305 3383 
306 3405 
307 3423 
308 3331 
309 3406 
310 3367 
311 3307 
312 3409 
313 3341 
314 3461 
315 3224 
316 3472 
317 3306 
318 3425 
319 3235 
320 3264 
321 3314 
322 3248 
323 3296 
324 3262 
325 3420 
326 3223 
327 3231 
328 3249 
329 3256 
330 3260 
331 3295 
332 3213 
333 3251 
334 3125 
335 3277 
336 3277 
337 3319 
338 3183 
339 3120 
340 3248 
341 3251 
342 3224 
343 3168 
344 3199 
345 3147 
346 3232 
347 3132 
348 3243 
349 3127 
350 3138 
351 3121 
352 3127 
353 3169 
354 3111 
355 3194 
356 3114 
357 3104 
358 3178 
359 3134 
360 3059 
361 3008 
362 3107 
363 3206 
364 3041 
365 3065 
366 3035 
367 3063 
368 3012 
369 3001 
370 3043 
371 3097 
372 3049 
373 3183 
374 3037 
375 3045 
376 3030 
377 2950 
378 2997 
379 3045 
380 2985 
381 2985 
382 3020 
383 3023 
384 2965 
385 2977 
386 3023 
387 2942 
388 2972 
389 2939 
390 3046 
391 3130 
392 2991 
393 2964 
394 2993 
395 2846 
396 2919 
397 2913 
398 2947 
399 2897 
400 2978 
401 2969 
402 2982 
403 2918 
404 2955 
405 2910 
406 2874 
407 2901 
408 2903 
409 2880 
410 3002 
411 2987 
412 2974 
413 2818 
414 2957 
415 2866 
416 2922 
417 2880 
418 2881 
419 3073 
420 2927 
421 2889 
422 2877 
423 2913 
424 2770 
425 2855 
426 2838 
427 2908 
428 2843 
429 2819 
430 2975 
431 2820 
432 2842 
433 2745 
434 2790 
435 2877 
436 2851 
437 2857 
438 2851 
439 2889 
440 2821 
441 2861 
442 2829 
443 2927 
444 2787 
445 2747 
446 2852 
447 2833 
448 2857 
449 2781 
450 2803 
451 2760 
452 2886 
453 2813 
454 2815 
455 2819 
456 2849 
457 2844 
458 2851 
459 2740 
460 2696 
461 2830 
462 2832 
463 2761 
464 2799 
465 2808 
466 2749 
467 2734 
468 2795 
469 2726 
470 2757 
471 2707 
472 2736 
473 2711 
474 2746 
475 2800 
476 2813 
477 2638 
478 2649 
479 2630 
480 2734 
481 2773 
482 2759 
483 2696 
484 2663 
485 2771 
486 2838 
487 2812 
488 2781 
489 2693 
490 2700 
491 2702 
492 2735 
493 2763 
494 2717 
495 2706 
496 2732 
497 2714 
498 2767 
499 2782 
500 2622 
501 2622 
502 2643 
503 2645 
504 2639 
505 2639 
506 2703 
507 2712 
508 2697 
509 2649 
510 2713 
511 2664 
512 2681 
513 2784 
514 2646 
515 2592 
516 2676 
517 2592 
518 2636 
519 2676 
520 2656 
521 2653 
522 2629 
523 2604 
524 2600 
525 2615 
526 2659 
527 2633 
528 2732 
529 2527 
530 2617 
531 2605 
532 2652 
533 2619 
534 2564 
535 2563 
536 2647 
537 2654 
538 2579 
539 2547 
540 2547 
541 2551 
542 2545 
543 2634 
544 2623 
545 2527 
546 2567 
547 2543 
548 2475 
549 2599 
550 2591 
551 2535 
552 2614 
553 2572 
554 2565 
555 2561 
556 2562 
557 2547 
558 2476 
559 2546 
560 2578 
561 2611 
562 2580 
563 2576 
564 2625 
565 2557 
566 2581 
567 2540 
568 2594 
569 2668 
570 2519 
571 2601 
572 2575 
573 2506 
574 2510 
575 2561 
576 2556 
577 2627 
578 2556 
579 2566 
580 2575 
581 2564 
582 2562 
583 2563 
584 2541 
585 2456 
586 2550 
587 2634 
588 2602 
589 2612 
590 2593 
591 2458 
592 2536 
593 2571 
594 2598 
595 2479 
596 2668 
597 2496 
598 2592 
599 2352 
600 2538 
601 2530 
602 2500 
603 2542 
604 2518 
605 2575 
606 2568 
607 2560 
608 2484 
609 2487 
610 2487 
611 2379 
612 2618 
613 2408 
614 2446 
615 2425 
616 2445 
617 2356 
618 2389 
619 2329 
620 2342 
621 2150 
622 2098 
623 1993 
624 1955 
625 1847 
626 1682 
627 1633 
628 1557 
629 1466 
630 1320 
631 1217 
632 1061 
633 999 
634 853 
635 810 
636 633 
637 564 
638 442 
639 392 
640 339 
641 316 
642 319 
643 312 
644 296 
645 265 
646 284 
647 295 
648 302 
649 307 
650 276 
651 282 
652 293 
653 290 
654 281 
655 273 
656 309 
657 267 
658 237 
659 267 
660 253 
661 258 
662 243 
663 272 
664 267 
665 250 
666 257 
667 250 
668 256 
669 277 
670 250 
671 258 
672 252 
673 243 
674 236 
675 248 
676 236 
677 235 
678 248 
679 209 
680 229 
681 206 
682 193 
683 195 
684 176 
685 158 
686 149 
687 94 
688 89 
689 85 
690 70 
691 70 
692 60 
693 58 
694 56 
695 42 
696 54 
697 52 
698 54 
699 52 
700 42 
701 46 
702 44 
703 51 
704 43 
705 58 
706 52 
707 61 
708 47 
709 47 
710 44 
711 48 
712 36 
713 44 
714 47 
715 53 
716 47 
717 40 
718 32 
719 43 
720 44 
721 56 
722 38 
723 38 
724 48 
725 39 
726 32 
727 43 
728 36 
729 36 
730 24 
731 44 
732 37 
733 47 
734 41 
735 32 
736 46 
737 32 
738 48 
739 31 
740 51 
741 37 
742 33 
743 34 
744 25 
745 30 
746 29 
747 37 
748 26 
749 37 
750 44 
751 31 
752 29 
753 42 
754 35 
755 34 
756 43 
757 28 
758 39 
759 32 
760 23 
761 41 
762 26 
763 38 
764 25 
765 30 
766 27 
767 25 
768 26 
769 30 
770 29 
771 34 
772 44 
773 32 
774 23 
775 33 
776 32 
777 25 
778 25 
779 27 
780 31 
781 21 
782 18 
783 23 
784 26 
785 17 
786 31 
787 30 
788 24 
789 24 
790 21 
791 29 
792 27 
793 23 
794 19 
795 26 
796 21 
797 21 
798 24 
799 29 
800 33 
801 19 
802 25 
803 22 
804 25 
805 19 
806 23 
807 41 
808 30 
809 26 
810 21 
811 19 
812 27 
813 14 
814 16 
815 30 
816 23 
817 19 
818 19 
819 17 
820 21 
821 11 
822 17 
823 21 
824 14 
825 22 
826 20 
827 20 
828 18 
829 20 
830 16 
831 22 
832 21 
833 18 
834 20 
835 21 
836 28 
837 13 
838 21 
839 13 
840 32 
841 13 
842 14 
843 28 
844 18 
845 18 
846 17 
847 13 
848 17 
849 18 
850 15 
851 16 
852 21 
853 14 
854 18 
855 12 
856 24 
857 13 
858 26 
859 10 
860 14 
861 21 
862 13 
863 12 
864 21 
865 18 
866 14 
867 15 
868 16 
869 10 
870 18 
871 15 
872 13 
873 13 
874 12 
875 13 
876 14 
877 13 
878 21 
879 12 
880 16 
881 15 
882 14 
883 19 
884 13 
885 11 
886 7 
887 14 
888 17 
889 14 
890 12 
891 16 
892 18 
893 17 
894 11 
895 11 
896 10 
897 16 
898 18 
899 18 
900 18 
901 16 
902 15 
903 14 
904 14 
905 18 
906 13 
907 20 
908 12 
909 9 
910 8 
911 15 
912 5 
913 11 
914 8 
915 13 
916 10 
917 13 
918 10 
919 11 
920 13 
921 16 
922 12 
923 10 
924 17 
925 20 
926 14 
927 10 
928 13 
929 10 
930 17 
931 10 
932 9 
933 11 
934 13 
935 12 
936 13 
937 18 
938 10 
939 8 
940 12 
941 9 
942 11 
943 12 
944 4 
945 6 
946 15 
947 6 
948 10 
949 7 
950 10 
951 12 
952 9 
953 7 
954 10 
955 13 
956 5 
957 10 
958 10 
959 15 
960 9 
961 13 
962 10 
963 11 
964 9 
965 5 
966 8 
967 8 
968 9 
969 4 
970 14 
971 2 
972 4 
973 10 
974 8 
975 7 
976 6 
977 9 
978 7 
979 9 
980 7 
981 8 
982 7 
983 9 
984 8 
985 13 
986 8 
987 10 
988 8 
989 6 
990 9 
991 11 
992 8 
993 13 
994 7 
995 4 
996 10 
997 11 
998 10 
999 6 
1000 7 
1001 6 
1002 5 
1003 6 
1004 8 
1005 6 
1006 4 
1007 4 
1008 4 
1009 10 
1010 7 
1011 7 
1012 9 
1013 6 
1014 8 
1015 6 
1016 8 
1017 13 
1018 6 
1019 4 
1020 6 
1021 6 
1022 5 
