    375     397       0       0       0       0       0       0
      0       0       0       0       0       0       0       0
      0       0       0       0       0       0       0       0
      0       0       0       0       0       0       0       0
      0       0       0       0       0       0       0       0
      0       0       0       0       0       0       0       0
      0       0       0       0       0       0       0       0
      0       0       0       0       0       0       0       0
     37     198     421    3070   10264   10265   10109    9973
   9993    9760    9680    9695    9497    9565    9358    9152
   9212    9033    8964    9166    8936    8797    8978    8718
   8731    8425    8446    8445    8270    8206    8279    8413
   8049    7953    8062    8006    7948    7863    7705    7805
   7702    7601    7587    7634    7440    7509    7423    7337
   7464    7258    7125    7274    7376    7119    7090    7084
   7103    6887    6908    7025    6774    6780    6797    6753
   6509    6554    6604    6621    6361    6470    6527    6361
   6529    6330    6339    6268    6299    6177    6015    6159
   6098    6105    6114    6054    6075    6052    6074    5930
   5809    6021    5918    5827    5770    5745    5755    5841
   5703    5743    5707    5667    5651    5590    5484    5602
   5470    5510    5538    5382    5468    5410    5446    5293
   5164    5396    5371    5265    5255    5242    5230    5232
   5059    5173    5192    5211    5098    5056    4997    4954
   5046    5031    5033    5058    4896    5000    4969    4952
   4808    4832    4715    4899    4933    4644    4798    4770
   4694    4799    4732    4685    4732    4614    4796    4727
   4641    4696    4552    4491    4602    4517    4521    4637
   4432    4397    4379    4375    4299    4426    4338    4341
   4203    4221    4165    4124    4298    4246    4134    4104
   4136    3992    4072    3989    4080    3907    3979    3924
   3870    3890    3808    3781    3820    3782    3938    3775
   3838    3865    3806    3815    3818    3764    3725    3764
   3700    3686    3637    3611    3627    3673    3646    3583
   3471    3570    3532    3620    3574    3502    3533    3665
   3518    3537    3477    3599    3534    3513    3360    3562
   3513    3518    3497    3524    3480    3557    3528    3571
   3538    3342    3450    3456    3426    3488    3448    3301
   3480    3377    3383    3405    3423    3331    3406    3367
   3307    3409    3341    3461    3224    3472    3306    3425
   3235    3264    3314    3248    3296    3262    3420    3223
   3231    3249    3256    3260    3295    3213    3251    3125
   3277    3277    3319    3183    3120    3248    3251    3224
   3168    3199    3147    3232    3132    3243    3127    3138
   3121    3127    3169    3111    3194    3114    3104    3178
   3134    3059    3008    3107    3206    3041    3065    3035
   3063    3012    3001    3043    3097    3049    3183    3037
   3045    3030    2950    2997    3045    2985    2985    3020
   3023    2965    2977    3023    2942    2972    2939    3046
   3130    2991    2964    2993    2846    2919    2913    2947
   2897    2978    2969    2982    2918    2955    2910    2874
   2901    2903    2880    3002    2987    2974    2818    2957
   2866    2922    2880    2881    3073    2927    2889    2877
   2913    2770    2855    2838    2908    2843    2819    2975
   2820    2842    2745    2790    2877    2851    2857    2851
   2889    2821    2861    2829    2927    2787    2747    2852
   2833    2857    2781    2803    2760    2886    2813    2815
   2819    2849    2844    2851    2740    2696    2830    2832
   2761    2799    2808    2749    2734    2795    2726    2757
   2707    2736    2711    2746    2800    2813    2638    2649
   2630    2734    2773    2759    2696    2663    2771    2838
   2812    2781    2693    2700    2702    2735    2763    2717
   2706    2732    2714    2767    2782    2622    2622    2643
   2645    2639    2639    2703    2712    2697    2649    2713
   2664    2681    2784    2646    2592    2676    2592    2636
   2676    2656    2653    2629    2604    2600    2615    2659
   2633    2732    2527    2617    2605    2652    2619    2564
   2563    2647    2654    2579    2547    2547    2551    2545
   2634    2623    2527    2567    2543    2475    2599    2591
   2535    2614    2572    2565    2561    2562    2547    2476
   2546    2578    2611    2580    2576    2625    2557    2581
   2540    2594    2668    2519    2601    2575    2506    2510
   2561    2556    2627    2556    2566    2575    2564    2562
   2563    2541    2456    2550    2634    2602    2612    2593
   2458    2536    2571    2598    2479    2668    2496    2592
   2352    2538    2530    2500    2542    2518    2575    2568
   2560    2484    2487    2487    2379    2618    2408    2446
   2425    2445    2356    2389    2329    2342    2150    2098
   1993    1955    1847    1682    1633    1557    1466    1320
   1217    1061     999     853     810     633     564     442
    392     339     316     319     312     296     265     284
    295     302     307     276     282     293     290     281
    273     309     267     237     267     253     258     243
    272     267     250     257     250     256     277     250
    258     252     243     236     248     236     235     248
    209     229     206     193     195     176     158     149
     94      89      85      70      70      60      58      56
     42      54      52      54      52      42      46      44
     51      43      58      52      61      47      47      44
     48      36      44      47      53      47      40      32
     43      44      56      38      38      48      39      32
     43      36      36      24      44      37      47      41
     32      46      32      48      31      51      37      33
     34      25      30      29      37      26      37      44
     31      29      42      35      34      43      28      39
     32      23      41      26      38      25      30      27
     25      26      30      29      34      44      32      23
     33      32      25      25      27      31      21      18
     23      26      17      31      30      24      24      21
     29      27      23      19      26      21      21      24
     29      33      19      25      22      25      19      23
     41      30      26      21      19      27      14      16
     30      23      19      19      17      21      11      17
     21      14      22      20      20      18      20      16
     22      21      18      20      21      28      13      21
     13      32      13      14      28      18      18      17
     13      17      18      15      16      21      14      18
     12      24      13      26      10      14      21      13
     12      21      18      14      15      16      10      18
     15      13      13      12      13      14      13      21
     12      16      15      14      19      13      11       7
     14      17      14      12      16      18      17      11
     11      10      16      18      18      18      16      15
     14      14      18      13      20      12       9       8
     15       5      11       8      13      10      13      10
     11      13      16      12      10      17      20      14
     10      13      10      17      10       9      11      13
     12      13      18      10       8      12       9      11
     12       4       6      15       6      10       7      10
     12       9       7      10      13       5      10      10
     15       9      13      10      11       9       5       8
      8       9       4      14       2       4      10       8
      7       6       9       7       9       7       8       7
      9       8      13       8      10       8       6       9
     11       8      13       7       4      10      11      10
      6       7       6       5       6       8       6       4
      4       4      10       7       7       9       6       8
      6       8      13       6       4       6       6       5
$Angles (tilt,azimute): 0 0
$Date & Time          :02-09-2022         13:52:24
$RBS1run9.dat
$B(13:45:37) = 4.784810 kG
$B(13:52:15) = 4.785800 kG
