    323     323       0       0       0       0       0       0
      0       0       0       0       0       0       0       0
      0       0       0       0       0       0       0       0
      0       0       0       0       0       0       0       0
      0       0       0       0       0       0       0       0
      0       0       0       0       0       0       0       0
      0       0       0       0       0       0       0       0
      0       0       0       0       0       0       0       0
      0       0       0       0       0       0       0       0
      0       0       0       0       0       0       0       0
      0       0       0       0       0       0       0       0
      0       0       0       0       0       0       4       9
     11      15      13      12      21      11      13      11
     14       7      15      15       8      12      11       5
      9       9       8      11       7      10       9      10
      7       8       8      11       3       9      11       8
      6       7       8       3       8       4       5       6
      1       8       6       9       3       9       7       6
      3       6       5       3       6       2       0       4
      3       4       1       6       7       4       5       7
      5       4       2       4       3       5       7       4
      8       5      10       8       7       4       6      18
     12      14      27      18      35      30      43      46
     53      62      66      81      74      71      60      73
     74      77      92      76      67      64      58      67
     35      49      33      30      28      24      13       7
      8      13       6       3       3       5       4       5
      3       5       2       9       2       4       5       4
      7      10       3       4       8       3       5       6
      5       2       6       5       3       5       2       5
      2       5       8       7       5       3       1       2
      4       5       4       2       2       5       1       1
      2       3       2       1       1       1       2       0
      1       4       2       4       4       4       4       8
      7       5       7       7       5       7       7       3
      8       6       9      10       5      12      13       4
     12       5       6      10       5       4       9       6
      3       3       6       1       1       2       2       1
      0       1       2       0       1       1       0       1
      1       1       1       1       0       1       0       1
      1       0       1       2       1       0       0       3
      0       3       1       1       2       3       0       1
      0       0       2       1       0       0       0       0
      3       0       0       0       1       0       0       0
      1       4       2       2       0       0       1       1
      2       1       0       0       1       1       2       0
      0       0       0       1       0       2       1       1
      0       0       1       1       3       2       3       4
      2       2       2       2       3       3       7       0
      2       2       3       3       5       1       3       0
      4       1       3       2       2       3       2       1
      1       2       0       0       0       0       0       1
      0       0       0       1       0       1       1       0
      1       1       0       3       0       1       3       5
      6       6       3       4       6       9       5       9
     12      10      15      14       8      15       8      14
     12      13      10       6      10      13      11       7
     14       5       7       6       0       1       4       1
      4       4       2       3       1       5       1       2
      2       3       3       1       0       2       1       0
      0       0       3       0       0       0       0       2
      1       2       2       2       3       6       3       4
      7       7       3       5       5       5       6       6
      3       8      11       9       7       3       4       7
      7       5       4       5       4      13      11       1
      3       4      10       4       9       7      10       8
      7       3       4       3       4       7       3       2
      1       4       1       1       2       4       0       1
      0       2       0       1       0       0       0       1
      0       0       0       0       0       0       0       0
      0       0       1       0       0       0       0       0
      0       0       0       1       0       0       0       1
      0       0       1       0       0       0       1       0
      0       0       0       0       0       0       0       1
      0       2       1       1       0       3       0       0
      2       1       1       0       2       2       3       3
      4       6       8       2       6       3       5       3
      5       5       7       9       8       9       8       5
      4       4       9       2       2       1       1       4
      0       0       0       0       0       0       0       0
      0       0       0       1       0       0       0       0
      0       0       0       0       0       0       0       0
      0       0       0       0       0       0       0       0
      0       0       0       0       0       0       0       0
      0       0       0       0       0       0       0       1
      1       0       0       0       0       0       0       0
      0       0       0       0       1       0       0       0
      1       0       0       0       0       0       0       0
      0       0       0       0       0       0       0       3
      0       0       2       0       0       3       2       2
      1       2       2       0       1       2       0       1
      0       1       1       0       0       0       0       0
      0       0       0       0       0       0       0       0
      0       0       0       0       0       0       0       0
      0       0       0       0       0       0       0       0
      0       0       0       0       0       0       0       0
      0       0       0       0       0       0       0       0
      0       0       0       0       0       0       0       0
      0       0       0       0       0       0       0       0
      0       0       0       0       0       0       0       0
      0       0       0       0       0       0       0       0
      0       0       0       0       0       0       0       0
      0       0       0       0       0       0       0       0
      0       0       0       0       0       0       0       0
      0       0       0       0       0       0       0       0
      0       0       0       0       0       0       0       0
      0       0       0       0       0       0       0       0
      0       0       0       0       0       0       0       0
      0       0       0       0       0       0       0       0
      0       0       0       0       0       0       0       0
      0       0       0       0       0       0       0       0
      0       0       0       0       0       0       0       0
      0       0       0       0       0       0       0       0
      0       0       0       0       0       0       0       0
      0       0       0       0       0       0       0       0
      0       0       0       0       0       0       0       0
      0       0       0       0       0       0       0       0
      0       0       0       0       0       0       0       0
      0       0       0       0       0       0       0       0
      0       0       0       0       0       0       0       0
      0       0       0       0       0       0       0       0
      0       0       0       0       0       0       0       0
      0       0       0       0       0       0       0       0
      0       0       0       0       0       0       0       0
      0       0       0       0       0       0       0       0
      0       0       0       0       0       0       0       0
      0       0       0       0       0       0       0       0
      0       0       0       0       0       0       0       0
$Angles (tilt,azimute): 0 0
$Date & Time          :02-09-2022         13:33:48
$RBS2run7.dat
$B(13:28:12) = 4.785700 kG
$B(13:33:36) = 4.785420 kG
