   2900    2901       0       0       0       0       0       0
      0       0       0       0       0       0       0       0
      0       0       0       0       0       0       0       0
      0       0       0       0       0       0       0       0
      0       0       0       0       0       0       0       0
      0       0       0       0       0       0       0       0
      0       0       0       0       0       0       0       0
      0       0       0       0       0       0       0       0
      0       0       0       0       0       0       0       0
      0       0       0       0       0       0       0       0
      0       0       0       0       0       0       0       0
      0       0       0       0       0       0      18      59
     72      78      83      75      66      91      64      73
     60      71      78      79      68      69      68      68
     69      64      67      58      63      60      66      71
     70      93      66      66      68      63      60      58
     73      78      65      68      69      73      71      81
     72      76      53      75      82      60      59      67
     66      74      60      75      57      66      61      67
     60      73      52      67      62      64      66      71
     63      49      55      38      48      65      48      48
     50      50      55      50      58      65      53      38
     54      56      46      45      43      36      41      44
     43      56      49      36      55      55      56      44
     44      50      40      37      38      37      36      44
     47      35      43      43      28      35      37      40
     35      31      27      35      37      46      33      36
     32      35      30      30      29      33      49      37
     33      40      36      30      25      27      40      39
     40      46      27      34      41      34      42      38
     41      42      41      34      37      39      44      44
     32      34      39      39      34      31      39      35
     24      31      44      35      46      45      36      29
     37      31      48      51      43      41      54      43
     34      46      43      42      35      50      39      29
     40      37      41      41      43      35      40      41
     48      46      50      56      39      44      40      40
     50      44      65      56      44      69      58      62
     56      76      57      48      53      62      57      64
     67      56      57      63      68      72      69      58
     76      54      60      60      53      68      42      58
     61      58      58      49      60      53      52      65
     53      48      54      65      58      57      46      52
     35      36      33      29      26      34      38      24
     24      27      28      19      28      26      23      20
     19      21      26      23      32      17      25      16
     23      14      31      18      33      25      27      23
     31      24      19      22      22      27      29      31
     21      21      25      20      30      25      34      30
     21      34      19      20      15      31      18      22
     24      17      23      34      31      20      30      11
     29      23      22      26      23      27      28      26
     31      28      27      26      32      30      33      30
     29      18      37      42      26      34      29      30
     24      28      47      34      36      26      34      38
     27      29      34      30      26      41      32      25
     34      44      27      37      43      31      28      41
     31      33      37      42      39      42      43      44
     50      39      36      44      50      54      51      48
     60      60      65      56      57      70      72      51
     54      76      64      67      76      80      95      90
     91      77      95      90     119     114      79     100
    104      97      87      76     114      99      99      97
    123      95     112     117      99     112      96      85
    109      97      99      87     105     108     105     113
     96     118     102      86     102      99     102     107
    103      93      81      71      93      76      63      53
     57      44      40      18      14       9      11       9
     11      10       6       5       7       4       5       8
      3       6       4       4       4       2       2       3
      3       5       3       3       4       1       0       0
      2       1       3       0       0       0       2       3
      2       0       0       2       1       2       3       0
      3       2       0       1       0       4       0       1
      2       1       1       1       1       1       3       1
      0       1       0       2       2       2       2       6
      0       2       0       2       1       1       1       1
      1       0       0       1       3       1       1       1
      1       0       0       0       2       0       0       1
      0       0       0       1       0       0       1       0
      0       0       1       2       0       0       0       1
      0       0       1       1       0       0       1       0
      1       0       0       2       2       1       2       2
      0       0       1       0       0       0       2       2
      1       0       1       2       0       2       0       1
      1       0       0       2       1       0       1       1
      1       1       0       1       1       2       0       0
      1       0       1       1       2       1       0       0
      1       0       1       1       1       1       3       1
      0       2       1       1       0       2       1       2
      1       0       1       0       1       0       0       0
      0       0       0       0       0       0       0       0
      0       0       0       0       0       0       0       0
      0       0       0       0       0       0       0       0
      0       0       0       0       0       0       0       0
      0       0       0       0       0       0       0       0
      0       0       0       0       0       0       0       0
      0       0       0       0       0       0       0       0
      0       0       0       0       0       0       0       0
      0       0       0       0       0       0       0       0
      0       0       0       0       0       0       0       0
      0       0       0       0       0       0       0       0
      0       0       0       0       0       0       0       0
      0       0       0       0       0       0       0       0
      0       0       0       0       0       0       0       0
      0       0       0       0       0       0       0       0
      0       0       0       0       0       0       0       0
      0       0       0       0       0       0       0       0
      0       0       0       0       0       0       0       0
      0       0       0       0       0       0       0       0
      0       0       0       0       0       0       0       0
      0       0       0       0       0       0       0       0
      0       0       0       0       0       0       0       0
      0       0       0       0       0       0       0       0
      0       0       0       0       0       0       0       0
      0       0       0       0       0       0       0       0
      0       0       0       0       0       0       0       0
      0       0       0       0       0       0       0       0
      0       0       0       0       0       0       0       0
      0       0       0       0       0       0       0       0
      0       0       0       0       0       0       0       0
      0       0       0       0       0       0       0       0
      0       0       0       0       0       0       0       0
      0       0       0       0       0       0       0       0
      0       0       0       0       0       0       0       0
      0       0       0       0       0       0       0       0
      0       0       0       0       0       0       0       0
      0       0       0       0       0       0       0       0
$Angles (tilt,azimute): 0 0
$Date & Time          :02-09-2022         16:09:25
$RBS2run11.dat
$B(15:20:53) = 4.786130 kG
$B(16:09:15) = 4.785790 kG
