    426     426       0       0       0       0       0       0
      0       0       0       0       0       0       0       0
      0       0       0       0       0       0       0       0
      0       0       0       0       0       0       0       0
      0       0       0       0       0       0       0       0
      0       0       0       0       0       0       0       0
      0       0       0       0       0       0       0       0
      0       0       0       0       0       0       0       0
      0       0       0       0       0       0       0       0
      0       0       0       0       0       0       0       0
      0       0       0       0       0       0       0       0
      0       0       0       0       0       0      17     137
    108     106     135     116      96      90      79      77
     94      85      86      76      77      73      87      74
     88      85      73      80      69      78      77      83
     70      72      80      93      92      84      99      76
     67      99      84      78      97      77      90      87
     86      72      95      74      95      79      82      85
     61      69     100      82      83      75      66      80
     77      74      96      58      66      79      64      58
     67      52      61      59      60      57      51      63
     56      53      57      50      59      54      49      49
     52      39      39      57      41      66      56      52
     50      52      50      53      38      49      55      62
     55      60      58      55      45      45      52      39
     49      52      35      45      39      36      48      39
     39      39      36      38      35      43      56      49
     40      43      42      36      42      47      42      43
     36      37      43      46      44      28      44      41
     39      34      51      43      42      59      51      44
     43      35      49      39      38      37      47      48
     45      50      60      44      55      41      38      43
     34      44      38      42      45      52      53      40
     45      43      42      47      46      47      42      34
     54      46      53      41      39      28      63      38
     52      57      49      58      45      51      36      55
     48      60      61      51      56      78      63      51
     54      56      64      54      51      63      63      70
     68      50      67      75      78      73      79      77
     71      52      82      67      69      80      63      67
     58      71      67      62      71      72      60      64
     93      69      75      69      74      68      66      51
     65      72      74      74      53      55      61      50
     40      54      47      48      51      31      30      31
     29      39      22      24      26      19      28      23
     23      30      28      20      24      27      18      35
     27      22      25      22      20      20      35      23
     29      16      32      23      30      23      28      23
     32      26      30      30      25      35      22      31
     27      31      30      25      19      23      27      31
     21      17      29      27      38      23      22      22
     31      28      26      20      27      34      21      25
     30      23      42      34      37      28      32      29
     35      33      32      27      42      25      18      34
     32      31      23      30      42      36      31      38
     29      41      34      32      39      42      30      38
     33      37      46      53      37      39      44      43
     47      47      38      41      47      50      46      45
     41      49      54      59      59      53      60      60
     54      51      66      71      70      67      65      65
     69      79      95      69      86      81      89      94
     88     116      97      95     134     113     107     118
    139     115     141     111     130     122     134     127
    132     136     141     106     129     116     118     128
    125     138     120     101     116     115     102     108
    121     122     115     128     135     118     115     102
    103     110     113     110     106     108      95      95
     64      58      41      34      27      33      14      12
      8       9       5       6       7       6       8       5
      5       6       3       8       2       1       0       5
      3       7       3       1       2       2       6       4
      1       4       2       3       1       0       0       2
      2       1       1       3       3       0       2       1
      1       1       0       2       1       0       3       1
      1       4       3       0       3       1       1       2
      2       1       1       4       0       3       2       0
      3       6       5       0       1       2       3       0
      1       2       3       1       2       2       1       1
      0       1       0       0       0       0       2       0
      0       2       1       0       1       2       0       1
      2       0       1       1       2       1       1       1
      1       0       0       0       1       1       2       1
      0       1       0       0       1       0       0       1
      0       1       1       1       0       0       0       0
      1       0       1       2       3       0       0       0
      0       1       1       0       0       1       0       1
      1       2       0       1       1       2       3       1
      1       1       1       3       2       1       0       0
      4       0       0       1       0       1       0       2
      0       1       1       0       1       1       1       2
      0       0       0       1       1       0       0       0
      0       0       0       0       0       0       0       0
      0       0       0       0       0       0       0       0
      0       0       0       0       0       0       0       0
      0       0       0       0       0       0       0       0
      0       0       0       0       0       0       0       0
      0       0       0       0       0       0       0       0
      0       0       0       0       0       0       0       0
      0       0       0       0       0       0       0       0
      0       0       0       0       0       0       0       0
      0       0       0       0       0       0       0       0
      0       0       0       0       0       0       0       0
      0       0       0       0       0       0       0       0
      0       0       0       0       0       0       0       0
      0       0       0       0       0       0       0       0
      0       0       0       0       0       0       0       0
      0       0       0       0       0       0       0       0
      0       0       0       0       0       0       0       0
      0       0       0       0       0       0       0       0
      0       0       0       0       0       0       0       0
      0       0       0       0       0       0       0       0
      0       0       0       0       0       0       0       0
      0       0       0       0       0       0       1       0
      0       0       0       0       0       0       0       0
      0       0       0       0       0       0       0       0
      0       0       0       0       0       0       0       0
      0       0       0       0       0       0       0       0
      0       0       0       0       0       0       0       0
      0       0       0       0       0       0       0       0
      0       0       0       0       0       0       0       0
      0       0       0       0       0       0       0       0
      0       0       0       0       0       0       0       0
      0       0       0       0       0       0       0       0
      0       0       0       0       0       0       0       0
      0       0       0       0       0       0       0       0
      0       0       0       0       0       0       0       0
      0       0       0       0       0       0       0       0
      0       0       0       0       0       0       0       0
$Angles (tilt,azimute): 0 0
$Date & Time          :02-09-2022         16:17:05
$RBS2run12.dat
$B(16:09:43) = 4.785830 kG
$B(16:09:15) = 4.785790 kG
