    431     445       0       0       0       0       0       0
      0       0       0       0       0       0       0       0
      0       0       0       0       0       0       0       0
      0       0       0       0       0       0       0       0
      0       0       0       0       0       0       0       0
      0       0       0       0       0       0       0       0
      0       0       0       0       0       0       0       0
      0       0       0       0       0       0       0       0
      0       0       0       0       0       0       0       0
      0       0       0       0       0       0       1      29
    124     165     156     239    1871    5035    5013    4968
   4897    4823    4773    4779    4661    4783    4709    4575
   4503    4689    4525    4453    4529    4514    4438    4471
   4307    4348    4313    4230    4339    4344    4273    4145
   4164    4123    4176    4160    4147    4094    4173    4077
   4053    3992    3996    3951    4029    3894    3979    3897
   3937    3893    3844    3838    3810    3730    3731    3791
   3843    3824    3699    3826    3718    3702    3694    3675
   3700    3706    3607    3624    3542    3571    3500    3513
   3420    3541    3635    3560    3466    3467    3473    3413
   3443    3317    3401    3438    3388    3431    3344    3412
   3337    3289    3373    3259    3363    3239    3371    3209
   3145    3201    3203    3175    3129    3231    3132    3098
   3175    3098    3041    2958    3118    3027    3020    3000
   2958    2949    2975    2981    2972    2969    2987    2929
   2982    2846    2932    2865    2932    2845    2822    2934
   2904    2915    2909    2867    2867    2801    2778    2828
   2838    2768    2825    2813    2753    2790    2742    2733
   2609    2682    2822    2754    2718    2669    2718    2735
   2614    2643    2748    2682    2699    2690    2656    2707
   2609    2778    2645    2584    2606    2590    2492    2572
   2577    2596    2596    2472    2565    2550    2526    2542
   2456    2473    2494    2623    2486    2503    2436    2510
   2414    2466    2335    2419    2459    2403    2489    2440
   2376    2476    2297    2424    2435    2443    2340    2282
   2317    2278    2298    2370    2367    2380    2310    2283
   2339    2335    2304    2310    2367    2272    2315    2324
   2303    2270    2298    2298    2206    2241    2201    2245
   2236    2204    2212    2178    2117    2211    2177    2131
   2104    2176    2132    2162    2216    2100    2081    2144
   2190    2117    2121    2188    2041    2112    2175    2066
   2095    2039    2105    2024    2030    2033    2112    2049
   2013    2132    2072    2092    2017    1993    2081    2040
   2040    2020    1989    2002    2030    1960    1982    1962
   1977    2034    1902    1967    1959    1847    2011    2019
   1978    2019    1850    1971    1933    2016    1850    1979
   1927    1872    1891    1881    1860    1908    1850    1950
   1835    1851    1814    1804    1817    1747    1764    1762
   1724    1682    1619    1674    1681    1624    1712    1671
   1667    1604    1549    1568    1578    1654    1586    1510
   1541    1535    1500    1540    1371    1499    1469    1533
   1598    1480    1442    1432    1543    1481    1523    1402
   1474    1483    1496    1464    1493    1418    1451    1400
   1468    1441    1445    1463    1439    1483    1405    1390
   1461    1399    1489    1398    1466    1420    1399    1409
   1415    1415    1422    1371    1412    1391    1370    1411
   1357    1378    1349    1290    1332    1374    1319    1277
   1339    1340    1407    1342    1232    1295    1296    1375
   1256    1232    1351    1313    1341    1291    1252    1289
   1296    1267    1225    1239    1294    1278    1277    1291
   1209    1266    1267    1203    1307    1271    1245    1225
   1245    1275    1279    1255    1251    1300    1276    1289
   1228    1236    1258    1244    1211    1246    1230    1172
   1250    1221    1225    1211    1233    1236    1202    1243
   1195    1214    1162    1188    1157    1219    1219    1204
   1188    1180    1166    1210    1241    1172    1180    1210
   1179    1138    1124    1172    1195    1137    1142    1178
   1167    1120    1128    1149    1177    1165    1193    1170
   1121    1152    1131    1139    1160    1147    1229    1113
   1173    1119    1143    1147    1163    1170    1124    1141
   1156    1150    1123    1153    1129    1115    1064    1127
   1030    1153    1186    1048    1100    1090    1140    1093
   1048    1173    1115    1096    1145    1090    1128    1099
   1030    1087    1111    1063    1071    1159    1121    1091
   1037    1101    1105    1115    1095    1106    1092    1062
   1060    1082    1047    1073    1041    1004    1116    1058
   1035    1073    1081    1087    1086    1081    1139    1051
   1027     999     955    1019    1042    1033    1005    1068
   1064    1065     988     985     981     920     967     945
    913     871     921     871     853     852     882     859
    830     804     758     812     728     819     712     741
    775     723     711     750     702     728     726     723
    733     717     712     726     744     731     689     685
    652     681     648     758     705     709     703     653
    623     718     685     682     682     692     655     703
    690     660     686     668     671     678     663     629
    659     667     653     665     685     706     664     703
    720     661     732     687     656     661     713     634
    630     688     693     670     649     614     636     692
    683     658     627     636     654     645     614     667
    662     643     677     667     630     643     654     703
    649     644     644     655     651     590     637     633
    617     595     643     611     656     586     669     630
    647     639     613     620     638     670     580     627
    657     579     621     606     624     608     631     629
    654     610     633     627     619     657     649     571
    612     602     593     625     649     648     600     602
    619     639     633     638     622     622     642     589
    610     593     646     628     654     588     608     584
    575     571     614     634     589     595     574     579
    643     573     622     570     595     615     591     590
    572     607     570     620     571     557     578     612
    587     570     558     539     577     599     604     574
    568     613     569     595     542     574     542     596
    548     597     600     554     627     585     601     562
    555     576     583     588     569     534     545     587
    586     555     573     558     572     590     540     596
    523     552     580     557     582     517     537     579
    554     565     558     566     584     554     587     570
    609     581     542     585     548     577     594     570
    585     598     574     601     547     548     572     559
    542     566     539     585     610     528     554     550
    595     550     561     557     610     526     511     547
    511     521     549     530     576     542     534     517
    541     490     519     525     506     504     479     450
    471     429     428     385     389     359     357     311
    317     297     278     297     229     225     214     204
    182     150     163     148     168     127     127     135
    103     119      84      92      64      87      74      73
     94      67      64      73      75      73      67      70
     77      62      63      64      60      69      64      73
     62      67      63      72      65      57      63      50
     55      70      65      59      50      48      74      49
     60      50      42      56      53      60      61      60
     48      49      69      58      52      62      53      62
     62      54      55      52      41      53      60      60
     40      63      60      52      59      56      62      50
     59      57      57      69      44      65      55      54
$Angles (tilt,azimute): 0 0
$Date & Time          :29-08-2022         16:54:49
$ERDcalib290822.dat
$B(16:46:37) = 0.000000 kG
$B(16:54:03) = 4.151830  kG
UNITS?
kG

