    171     174       0       0       0       0       0       0
      0       0       0       0       0       0       0       0
      0       0       0       0       0       0       0       0
      0       0       0       0       0       0       0       0
      0       0       0       0       0       0       0       0
      0       0       0       0       0       0       0       0
      0       0       0       0       0       0       0       0
      0       0       0       0       0       0       0       0
      4      21      52     483    1681    1606    1599    1612
   1594    1566    1634    1597    1549    1470    1586    1617
   1543    1570    1529    1528    1526    1494    1488    1539
   1488    1505    1481    1464    1491    1494    1478    1444
   1394    1467    1487    1515    1516    1465    1450    1482
   1501    1478    1482    1371    1494    1424    1439    1434
   1452    1409    1443    1443    1334    1464    1432    1327
   1388    1370    1341    1329    1322    1341    1347    1348
   1353    1323    1279    1279    1342    1300    1251    1269
   1290    1351    1218    1219    1351    1222    1311    1240
   1240    1239    1219    1145    1228    1202    1195    1283
   1223    1183    1146    1274    1166    1179    1172    1178
   1163    1119    1181    1114    1172    1167    1190    1191
   1201    1095    1212    1124    1072    1133    1221    1109
   1202    1119    1131    1127    1102    1151    1114    1087
   1033    1076    1134    1153    1057    1043    1049    1067
   1066    1102    1049    1046    1056    1060    1030    1076
   1053    1037    1055    1078    1020    1053    1061    1001
    988    1045    1061    1020     990    1027    1082    1010
   1017     977     950    1020     975     992     913     937
    813     884     779     823     752     751     780     748
    715     702     756     743     716     700     770     731
    678     738     700     732     710     684     739     693
    698     729     723     704     728     692     686     663
    701     711     708     690     657     708     705     703
    666     688     673     706     661     635     651     665
    662     650     691     722     690     661     647     680
    674     697     641     683     682     683     660     694
    693     697     567     678     676     666     633     640
    676     657     657     616     672     626     657     641
    665     632     669     660     656     650     585     666
    640     672     663     628     606     622     655     625
    629     666     644     648     677     634     611     659
    587     658     636     605     638     584     649     612
    600     636     630     622     599     577     631     589
    646     635     607     574     571     609     617     630
    595     588     595     618     609     572     600     619
    606     608     561     622     570     586     581     609
    533     578     567     482     464     439     408     351
    246     216     134     101      71      52      27      28
     25      27      20      23      28      18      16      16
     28      12      15      10       7      13      10       8
      5       3       6      15       9       6       8       6
      4      10       8       5      10       9       9       5
      6       6       5      14       9       6       8       4
      7       6       5       6       3      10       4      10
      6       7       5       4       7       7       5       6
      8       6       7       5       6       8       3       7
      7       5       7      14      10       9       4       6
      5       4       3       2       8       3       5       4
      6       6       6       3      10       5       4       4
      6      11       6       4       4       5       4       5
      7       2       5       3       5       4       7       3
      4       1       5       2       4       4       5       3
      4       1       4       5       6       3       7       6
      1       2       2       4       3       3       4       3
      2       4       4       9       6       1       7       8
      3       4       5       3       3       4       2       4
      1       5       2       1       3       2       1       0
      3       0       1       1       1       1       2       1
      0       0       3       1       1       1       1       1
      4       2       0       1       1       2       2       0
      3       3       1       3       3       0       3       0
      0       1       0       3       1       0       0       0
      0       0       0       1       0       0       1       1
      1       1       0       1       0       2       0       1
      0       1       0       1       0       0       0       0
      1       1       1       0       1       0       1       0
      1       1       1       1       0       0       1       0
      1       0       0       2       0       0       0       0
      0       0       0       1       0       1       0       0
      1       0       0       0       0       0       0       0
      2       0       0       2       0       0       0       1
      0       0       0       0       0       0       0       1
      0       0       0       0       0       0       0       1
      0       0       1       0       0       0       0       0
      0       0       0       0       0       0       0       0
      1       0       0       1       0       1       0       1
      0       0       0       1       3       0       0       1
      0       0       0       0       0       0       0       0
      1       0       0       1       0       0       0       0
      0       0       0       0       0       0       0       0
      0       0       0       0       0       0       0       0
      0       0       1       0       0       1       0       0
      1       0       0       0       0       0       0       0
      0       0       0       0       0       0       0       0
      0       0       0       0       0       0       0       0
      0       0       0       0       0       0       0       0
      0       0       0       0       0       0       0       0
      0       0       0       0       0       0       0       0
      0       0       0       0       0       0       0       0
      0       0       0       0       0       0       0       0
      0       0       0       0       0       0       0       0
      0       0       0       0       0       0       0       0
      0       0       0       0       0       0       0       0
      0       0       0       0       0       0       0       0
      0       0       0       0       0       0       0       0
      0       0       0       0       0       0       0       0
      0       0       0       0       0       0       0       0
      0       0       0       0       0       0       0       0
      0       0       0       0       0       0       0       0
      0       0       0       0       0       0       0       0
      0       0       0       0       0       0       0       0
      0       0       0       0       0       0       0       0
      0       0       0       0       0       0       0       0
      0       0       0       0       0       0       0       0
      0       0       0       0       0       0       0       0
      0       0       0       0       0       0       0       0
      0       0       0       0       0       0       0       0
      0       0       0       0       0       0       0       0
      0       0       0       0       0       0       0       0
      0       0       0       0       0       0       0       0
      0       0       0       0       0       0       0       0
      0       0       0       0       0       0       0       0
      0       0       0       0       0       0       0       0
      0       0       0       0       0       0       0       0
      0       0       0       0       0       0       0       0
      0       0       0       0       0       0       0       0
      0       0       0       0       0       0       0       0
      0       0       0       0       0       0       0       0
$Angles (tilt,azimute): 0 0
$Date & Time          :29-08-2022         17:26:22
$RBS1run5.dat
$B(17:22:57) = 4.151730 kG
$B(17:25:52) = 4.151600 kG
